Time                Round               Mutate stage        Coverage            Crash found         
00:00:10            1                   0                   2                   0                   
00:05:11            27                  0                   11                  1                   
00:10:36            58                  0                   13                  1                   
00:15:45            82                  0                   18                  1                   
00:20:58            99                  0                   23                  2                   
00:26:01            137                 0                   25                  3                   
00:31:03            174                 0                   25                  3                   
00:36:07            202                 0                   26                  4                   
00:41:08            239                 0                   28                  4                   
00:46:30            256                 0                   30                  5                   
00:52:44            278                 0                   32                  7                   
00:57:49            322                 0                   37                  7                   
01:02:53            367                 0                   37                  7                   
01:07:55            384                 0                   37                  8                   
01:12:57            412                 1                   38                  9                   
01:18:48            448                 1                   40                  10                  
01:25:17            470                 1                   41                  12                  
01:30:19            498                 1                   43                  12                  
01:36:01            534                 1                   44                  13                  
01:41:19            586                 1                   44                  13                  
01:46:39            603                 1                   45                  15                  
01:51:41            636                 1                   45                  16                  
01:56:42            672                 1                   46                  16                  
02:02:57            713                 1                   46                  16                  
02:08:38            743                 1                   47                  17                  
02:13:41            787                 1                   48                  17                  
02:19:30            814                 1                   48                  19                  
02:25:21            823                 1                   48                  21                  
02:31:06            846                 1                   50                  22                  
02:36:06            892                 1                   50                  22                  
02:42:15            914                 1                   50                  24                  
02:47:35            964                 1                   50                  24                  
02:52:40            992                 1                   52                  25                  
02:57:50            1022                1                   54                  25                  
03:02:50            1063                1                   55                  25                  
03:07:56            1093                1                   55                  25                  
03:13:03            1120                1                   55                  26                  
03:20:31            1155                1                   55                  28                  
03:25:34            1188                1                   56                  28                  
03:30:47            1229                1                   56                  28                  
03:35:48            1253                1                   56                  28                  
03:41:05            1267                1                   56                  29                  
03:46:05            1314                1                   57                  29                  
03:53:21            1341                1                   57                  31                  
03:58:23            1372                1                   58                  32                  
04:03:24            1383                1                   58                  33                  
04:08:28            1414                1                   58                  34                  
04:13:29            1438                1                   58                  35                  
04:18:30            1470                1                   58                  35                  
04:23:37            1528                1                   59                  35                  
04:28:43            1560                1                   59                  35                  
04:33:51            1599                1                   59                  35                  
04:39:17            1629                1                   59                  36                  
04:44:42            1656                1                   60                  37                  
04:49:46            1684                1                   61                  37                  
04:54:49            1720                1                   61                  37                  
05:00:03            1735                1                   61                  38                  
05:06:32            1763                1                   61                  39                  
05:11:49            1784                1                   61                  40                  
05:16:54            1802                1                   61                  41                  
05:23:14            1832                1                   61                  43                  
05:28:32            1873                2                   61                  44                  
05:33:37            1884                2                   61                  45                  
05:38:39            1911                2                   61                  46                  
05:43:48            1949                2                   62                  46                  
05:48:49            1980                2                   63                  46                  
05:53:56            2007                2                   64                  46                  
05:59:03            2052                2                   65                  46                  
06:04:10            2092                2                   65                  46                  
06:09:15            2124                2                   65                  46                  
06:14:21            2169                2                   65                  46                  
06:19:22            2183                2                   65                  47                  
06:24:26            2215                2                   65                  47                  
06:29:33            2256                2                   65                  47                  
06:35:27            2280                2                   65                  47                  
06:40:43            2322                2                   65                  47                  
06:45:52            2333                2                   65                  49                  
06:50:53            2377                2                   65                  49                  
06:57:35            2422                2                   65                  51                  
07:03:59            2435                2                   65                  53                  
07:09:00            2466                2                   65                  53                  
07:14:04            2491                2                   66                  54                  
07:19:05            2545                2                   67                  54                  
07:24:21            2570                2                   67                  54                  
07:29:25            2597                2                   71                  54                  
07:36:39            2643                2                   71                  56                  
07:41:47            2679                2                   71                  56                  
07:46:49            2718                2                   72                  56                  
07:51:53            2739                2                   73                  57                  
07:57:32            2770                2                   73                  58                  
08:02:38            2804                2                   73                  58                  
08:07:43            2845                2                   75                  58                  
08:12:59            2870                2                   75                  58                  
08:18:15            2891                2                   75                  59                  
08:24:21            2923                2                   75                  60                  
08:29:22            2956                2                   75                  60                  
08:34:22            3006                2                   75                  60                  
08:39:38            3022                2                   75                  62                  
08:44:41            3074                2                   75                  62                  
08:49:55            3087                2                   76                  64                  
08:54:58            3117                2                   77                  65                  
09:00:08            3153                2                   78                  65                  
09:05:18            3182                2                   78                  65                  
09:10:23            3198                2                   78                  65                  
09:15:26            3246                2                   79                  65                  
09:20:37            3289                2                   79                  65                  
09:26:44            3295                2                   79                  68                  
09:31:47            3328                2                   79                  68                  
09:37:02            3376                2                   79                  68                  
09:42:05            3408                2                   80                  69                  
09:47:09            3425                2                   80                  70                  
09:52:14            3468                2                   84                  70                  
09:57:15            3488                2                   85                  71                  
10:02:15            3518                2                   85                  71                  
10:08:07            3546                2                   85                  72                  
10:13:31            3561                2                   85                  74                  
10:18:33            3591                2                   88                  74                  
10:23:54            3625                2                   88                  75                  
10:30:40            3666                2                   90                  77                  
10:35:53            3691                2                   90                  77                  
10:40:59            3728                2                   90                  78                  
10:46:03            3752                2                   91                  79                  
10:51:04            3779                2                   98                  79                  
10:56:11            3813                2                   100                 79                  
11:01:11            3835                2                   100                 79                  
11:06:14            3856                2                   100                 80                  
11:11:25            3873                2                   103                 80                  
11:16:27            3920                2                   104                 80                  
11:21:33            3957                2                   108                 80                  
11:26:40            4006                2                   108                 80                  
11:31:40            4041                2                   108                 80                  
11:36:45            4070                2                   108                 80                  
11:41:46            4126                2                   108                 80                  
11:46:54            4159                2                   108                 80                  
11:51:58            4198                2                   108                 80                  
11:57:00            4235                2                   109                 80                  
12:02:02            4265                2                   109                 80                  
12:08:03            4296                2                   109                 81                  
12:13:05            4327                2                   110                 81                  
12:18:08            4344                2                   112                 82                  
12:23:11            4394                2                   114                 82                  
12:29:01            4431                2                   114                 82                  
12:34:04            4488                2                   114                 82                  
12:39:22            4522                2                   114                 83                  
12:44:31            4555                2                   114                 84                  
12:49:33            4596                2                   114                 84                  
12:54:40            4628                2                   115                 84                  
12:59:53            4656                2                   117                 84                  
13:05:02            4689                2                   118                 84                  
13:10:03            4706                2                   118                 85                  
13:15:05            4741                2                   122                 85                  
13:20:17            4774                2                   123                 85                  
13:26:36            4792                2                   123                 87                  
13:31:48            4815                2                   123                 87                  
13:36:58            4839                2                   124                 87                  
13:42:12            4857                2                   126                 87                  
13:48:38            4868                2                   126                 89                  
13:53:38            4909                2                   126                 89                  
14:00:06            4931                2                   126                 91                  
14:05:14            4969                2                   126                 91                  
14:10:15            5006                2                   126                 91                  
14:15:54            5031                2                   126                 91                  
14:21:01            5076                2                   126                 91                  
14:26:04            5118                2                   127                 91                  
14:31:51            5142                2                   127                 92                  
14:36:57            5183                2                   128                 92                  
14:42:01            5210                2                   128                 92                  
14:47:02            5241                2                   131                 92                  
14:52:02            5262                2                   131                 92                  
14:57:15            5268                2                   131                 94                  
15:02:21            5303                2                   132                 94                  
15:08:22            5329                2                   134                 95                  
15:13:29            5368                2                   138                 95                  
15:18:31            5414                2                   139                 95                  
15:23:37            5442                2                   139                 95                  
15:28:41            5483                2                   139                 95                  
15:34:35            5529                2                   139                 95                  
15:39:37            5552                2                   139                 96                  
15:44:49            5575                2                   139                 98                  
15:49:52            5610                2                   139                 99                  
15:54:55            5648                2                   139                 99                  
16:00:05            5688                2                   145                 99                  
16:05:12            5716                2                   150                 99                  
16:10:27            5748                2                   153                 99                  
16:15:43            5766                2                   155                 99                  
16:21:11            5792                2                   156                 99                  
16:27:38            5819                2                   158                 101                 
16:32:40            5838                2                   158                 101                 
16:37:41            5868                2                   160                 101                 
16:42:47            5902                2                   162                 101                 
16:47:50            5925                2                   162                 101                 
16:52:54            5950                2                   162                 101                 
16:58:13            5976                2                   162                 101                 
17:03:24            5992                2                   162                 101                 
17:09:25            6004                2                   162                 103                 
17:16:47            6012                2                   162                 105                 
17:21:50            6049                2                   162                 105                 
17:26:57            6079                2                   162                 106                 
17:32:06            6114                2                   163                 106                 
17:37:37            6130                2                   163                 108                 
17:42:44            6161                2                   163                 108                 
17:47:48            6189                2                   164                 108                 
17:52:48            6225                2                   164                 108                 
17:58:41            6245                2                   164                 109                 
18:03:47            6285                2                   164                 110                 
18:08:49            6312                2                   167                 110                 
18:13:57            6348                2                   168                 110                 
18:19:06            6380                2                   170                 110                 
18:24:13            6398                2                   172                 110                 
18:29:24            6420                2                   173                 110                 
18:34:37            6425                2                   173                 112                 
18:39:43            6448                2                   173                 112                 
18:46:14            6479                2                   173                 113                 
18:52:22            6497                2                   173                 115                 
18:58:10            6540                2                   174                 116                 
19:03:13            6550                2                   174                 118                 
19:08:16            6576                2                   178                 118                 
19:13:21            6597                2                   179                 118                 
19:18:36            6629                2                   180                 118                 
19:23:40            6652                2                   181                 119                 
19:28:50            6699                2                   181                 119                 
19:34:23            6733                2                   181                 119                 
19:39:29            6783                2                   181                 119                 
19:45:32            6805                2                   181                 121                 
19:50:45            6829                2                   181                 122                 
19:55:52            6878                2                   182                 122                 
20:00:57            6910                2                   184                 123                 
20:05:59            6917                2                   184                 124                 
20:11:05            6947                2                   185                 124                 
20:16:07            6977                2                   186                 124                 
20:21:43            7012                2                   188                 124                 
20:26:46            7056                2                   189                 124                 
20:32:33            7066                2                   189                 126                 
20:37:56            7091                2                   190                 127                 
20:43:09            7096                2                   190                 128                 
20:48:14            7121                2                   192                 128                 
20:53:28            7135                2                   192                 130                 
20:58:31            7172                2                   194                 131                 
21:03:35            7196                2                   197                 131                 
21:08:41            7238                2                   197                 131                 
21:14:17            7269                2                   199                 132                 
21:19:17            7293                2                   199                 133                 
21:24:24            7325                2                   200                 133                 
21:29:34            7352                2                   200                 133                 
21:34:36            7374                2                   200                 134                 
21:39:40            7396                2                   200                 134                 
21:44:45            7413                2                   200                 134                 
21:50:04            7428                2                   200                 134                 
21:55:44            7462                2                   200                 134                 
22:00:44            7507                2                   200                 134                 
22:05:47            7532                2                   201                 134                 
22:11:04            7539                2                   201                 136                 
22:16:20            7553                2                   201                 138                 
22:21:26            7590                2                   201                 138                 
22:26:28            7601                2                   201                 140                 
22:31:33            7631                2                   201                 140                 
22:38:43            7664                2                   202                 142                 
22:43:45            7696                2                   203                 142                 
22:48:52            7719                2                   203                 143                 
22:53:55            7755                2                   203                 144                 
22:58:56            7771                2                   203                 145                 
23:03:57            7816                2                   204                 145                 
23:09:02            7849                2                   204                 145                 
23:14:20            7863                2                   204                 145                 
23:19:24            7890                2                   205                 145                 
23:24:34            7904                2                   206                 146                 
23:30:49            7922                2                   206                 148                 
23:35:56            7952                2                   206                 148                 
23:41:09            7984                2                   206                 148                 
23:46:11            8009                2                   206                 148                 
23:51:16            8042                2                   207                 149                 
23:56:17            8067                2                   207                 150                 
24:02:04            8099                2                   207                 151                 
24:07:09            8122                2                   208                 151                 
24:13:34            8135                2                   208                 153                 
24:18:36            8157                2                   209                 153                 
24:24:11            8167                2                   209                 155                 
24:29:19            8197                2                   211                 156                 
24:34:22            8232                2                   211                 156                 
24:39:23            8265                2                   211                 156                 
24:44:24            8286                2                   211                 157                 
24:49:26            8337                2                   211                 157                 
24:55:07            8363                2                   211                 159                 
25:00:45            8366                2                   211                 161                 
25:05:47            8387                2                   211                 163                 
25:10:54            8425                2                   211                 163                 
25:16:08            8466                2                   212                 163                 
25:21:59            8476                2                   213                 165                 
25:27:06            8511                2                   213                 165                 
25:32:07            8553                2                   213                 165                 
25:38:04            8576                2                   215                 165                 
25:43:04            8610                2                   216                 165                 
25:49:55            8645                2                   216                 167                 
25:55:01            8676                2                   216                 167                 
26:00:04            8716                2                   217                 167                 
26:05:07            8744                2                   217                 167                 
26:10:13            8764                2                   220                 167                 
26:15:13            8793                2                   223                 167                 
26:20:16            8836                2                   227                 167                 
26:27:39            8866                2                   227                 169                 
26:32:42            8902                2                   227                 169                 
26:38:50            8917                2                   227                 171                 
26:44:19            8930                2                   227                 172                 
26:49:26            8972                2                   230                 172                 
26:54:27            9007                2                   230                 172                 
26:59:29            9044                2                   230                 172                 
27:04:30            9087                2                   230                 172                 
27:09:37            9098                2                   231                 174                 
27:15:50            9120                2                   231                 175                 
27:21:00            9143                2                   231                 175                 
27:26:04            9161                2                   231                 175                 
27:31:09            9177                2                   231                 175                 
27:36:24            9189                2                   231                 175                 
27:41:25            9231                2                   231                 175                 
27:46:26            9273                2                   231                 175                 
27:51:36            9288                2                   232                 176                 
27:56:37            9316                2                   235                 176                 
28:01:37            9367                2                   235                 176                 
28:06:39            9390                2                   235                 176                 
28:11:43            9426                2                   235                 176                 
28:16:52            9467                2                   235                 176                 
28:22:38            9488                2                   236                 177                 
28:27:44            9537                2                   237                 178                 
28:32:46            9544                2                   237                 179                 
28:37:47            9589                2                   238                 179                 
28:42:49            9636                2                   238                 179                 
28:47:49            9664                2                   238                 179                 
28:52:51            9674                2                   239                 181                 
28:58:01            9698                2                   239                 181                 
29:03:17            9725                2                   239                 181                 
29:08:27            9751                2                   241                 181                 
29:13:33            9777                2                   242                 181                 
29:18:42            9800                2                   242                 181                 
29:23:45            9834                2                   242                 181                 
29:30:24            9867                2                   242                 181                 
29:35:24            9907                2                   242                 181                 
29:40:42            9939                2                   243                 182                 
29:45:48            9977                2                   243                 182                 
29:51:40            9995                2                   245                 184                 
29:56:56            10015               2                   245                 185                 
30:01:59            10033               2                   246                 185                 
30:07:12            10062               2                   247                 185                 
30:12:24            10085               2                   248                 185                 
30:17:28            10120               2                   248                 186                 
30:22:40            10134               2                   249                 187                 
30:27:45            10167               2                   249                 188                 
30:32:46            10195               2                   249                 188                 
30:37:47            10220               2                   249                 189                 
30:42:49            10232               2                   249                 191                 
30:47:53            10274               2                   250                 191                 
30:53:41            10293               2                   250                 193                 
30:58:57            10317               2                   250                 194                 
31:03:57            10367               2                   250                 194                 
31:09:00            10399               2                   251                 194                 
31:14:09            10427               2                   252                 194                 
31:19:16            10452               2                   254                 195                 
31:24:24            10482               2                   256                 195                 
31:29:27            10520               2                   256                 195                 
31:35:36            10549               2                   257                 195                 
31:40:46            10571               2                   258                 195                 
31:45:49            10611               2                   258                 195                 
31:50:57            10645               2                   261                 195                 
31:55:58            10680               2                   261                 195                 
32:01:04            10706               2                   262                 195                 
32:06:13            10740               2                   264                 195                 
32:11:14            10756               2                   266                 195                 
32:16:19            10782               2                   269                 195                 
32:21:33            10806               2                   270                 195                 
32:26:43            10835               2                   271                 195                 
32:31:45            10852               2                   272                 195                 
32:36:53            10880               2                   272                 195                 
32:41:54            10913               2                   272                 195                 
32:47:47            10949               2                   273                 195                 
32:54:12            10969               2                   274                 197                 
33:00:13            10986               2                   275                 199                 
33:05:26            11010               2                   275                 199                 
33:10:31            11028               2                   275                 200                 
33:15:36            11062               2                   275                 200                 
33:21:22            11089               2                   275                 201                 
33:27:33            11115               2                   275                 202                 
33:32:36            11146               2                   275                 203                 
33:37:38            11195               2                   275                 203                 
33:42:39            11218               2                   276                 203                 
33:48:22            11246               2                   276                 203                 
33:53:23            11281               2                   276                 203                 
33:58:28            11295               2                   276                 203                 
34:03:37            11308               2                   276                 203                 
34:08:39            11325               2                   276                 203                 
34:13:48            11338               2                   276                 203                 
34:19:47            11364               2                   276                 204                 
34:24:51            11397               2                   276                 204                 
34:30:00            11426               2                   276                 204                 
34:35:06            11447               2                   276                 205                 
34:40:13            11475               2                   276                 205                 
34:45:15            11505               2                   277                 205                 
34:50:44            11535               2                   277                 205                 
34:56:04            11549               2                   278                 207                 
35:01:05            11563               2                   278                 208                 
35:06:09            11605               2                   278                 208                 
35:11:11            11633               2                   279                 208                 
35:17:17            11659               2                   281                 209                 
35:22:25            11704               2                   281                 209                 
35:27:27            11726               2                   281                 210                 
35:32:35            11776               2                   282                 210                 
35:37:45            11812               2                   283                 210                 
35:45:00            11834               2                   283                 212                 
35:50:18            11869               2                   285                 212                 
35:55:33            11875               2                   285                 214                 
36:00:38            11901               2                   286                 214                 
36:05:51            11928               2                   289                 214                 
36:11:03            11947               2                   292                 214                 
36:16:05            11971               2                   292                 214                 
36:21:12            11988               2                   293                 214                 
36:26:16            12013               2                   293                 214                 
36:31:22            12038               2                   294                 214                 
36:36:28            12070               2                   295                 214                 
36:43:58            12087               2                   295                 216                 
36:48:59            12100               2                   296                 217                 
36:54:03            12131               2                   297                 217                 
37:00:12            12148               2                   298                 219                 
37:05:42            12168               2                   298                 221                 
37:10:50            12177               2                   298                 222                 
37:15:50            12204               2                   298                 222                 
37:20:55            12219               2                   298                 223                 
37:26:10            12243               2                   298                 223                 
37:32:20            12255               2                   298                 225                 
37:37:38            12273               2                   298                 225                 
37:42:41            12290               2                   299                 225                 
37:47:49            12323               2                   299                 226                 
37:53:05            12353               2                   299                 227                 
37:58:40            12370               2                   299                 228                 
38:03:51            12386               2                   300                 229                 
38:09:00            12417               2                   300                 229                 
38:14:07            12440               2                   300                 230                 
38:20:27            12460               2                   300                 232                 
38:25:44            12498               2                   301                 233                 
38:30:46            12557               2                   301                 233                 
38:35:46            12566               2                   301                 235                 
38:40:49            12593               2                   301                 236                 
38:45:52            12640               2                   301                 236                 
38:50:56            12673               2                   301                 236                 
38:56:01            12699               2                   301                 236                 
39:01:02            12737               2                   301                 237                 
39:06:05            12743               2                   301                 238                 
39:11:20            12768               2                   303                 238                 
39:16:21            12807               2                   303                 238                 
39:21:52            12824               2                   305                 240                 
39:26:54            12837               2                   305                 241                 
39:32:00            12865               2                   306                 241                 
39:37:08            12881               2                   307                 241                 
39:42:26            12897               2                   307                 241                 
39:47:34            12936               2                   307                 241                 
39:52:42            12962               2                   307                 241                 
39:57:43            12983               2                   309                 241                 
40:04:02            13015               2                   310                 242                 
40:09:04            13041               2                   310                 243                 
40:14:12            13054               2                   310                 244                 
40:19:19            13081               2                   311                 244                 
40:24:25            13124               2                   311                 244                 
40:29:28            13148               2                   312                 244                 
40:34:31            13164               2                   314                 244                 
40:39:40            13193               2                   317                 244                 
40:44:41            13223               2                   317                 245                 
40:50:00            13246               2                   319                 245                 
40:55:15            13278               2                   321                 245                 
41:01:37            13307               2                   323                 245                 
41:06:38            13331               2                   324                 245                 
41:11:55            13359               2                   324                 245                 
41:16:57            13382               2                   325                 245                 
41:22:01            13409               2                   327                 246                 
41:27:03            13452               2                   329                 246                 
41:33:23            13489               2                   330                 246                 
41:38:35            13514               2                   330                 246                 
41:43:43            13540               2                   330                 246                 
41:48:55            13565               2                   330                 246                 
41:53:58            13589               2                   330                 246                 
41:58:59            13622               2                   330                 246                 
42:04:01            13663               2                   331                 246                 
42:09:16            13671               2                   331                 248                 
42:14:17            13699               2                   332                 248                 
42:19:18            13724               2                   332                 248                 
42:24:22            13744               2                   332                 248                 
42:30:11            13771               2                   332                 248                 
42:35:30            13803               2                   332                 248                 
42:40:35            13824               2                   332                 248                 
42:46:59            13830               2                   332                 250                 
42:52:04            13844               2                   332                 250                 
42:57:10            13895               2                   333                 250                 
43:02:22            13911               2                   333                 251                 
43:08:16            13932               2                   334                 251                 
43:13:21            13953               2                   334                 251                 
43:18:34            13984               2                   334                 251                 
43:23:34            14007               2                   334                 251                 
43:28:40            14035               2                   335                 251                 
43:33:49            14075               2                   335                 251                 
43:38:51            14094               2                   335                 252                 
43:43:57            14102               2                   335                 254                 
43:48:57            14144               2                   335                 254                 
43:54:03            14178               2                   335                 254                 
43:59:07            14194               2                   336                 255                 
44:04:09            14224               2                   336                 256                 
44:11:05            14266               2                   336                 258                 
44:16:06            14276               2                   336                 259                 
44:21:08            14309               2                   336                 259                 
44:26:58            14332               2                   338                 260                 
44:32:00            14351               2                   338                 260                 
44:37:04            14389               2                   338                 260                 
44:42:09            14403               2                   340                 261                 
44:47:18            14443               2                   342                 261                 
44:52:18            14464               2                   343                 262                 
44:57:25            14483               2                   343                 262                 
45:02:33            14519               2                   346                 262                 
45:07:35            14547               2                   347                 262                 
45:12:50            14562               2                   347                 262                 
45:17:57            14589               2                   348                 262                 
45:24:26            14607               2                   348                 264                 
45:29:35            14620               2                   349                 265                 
45:35:47            14630               2                   349                 267                 
45:40:53            14645               2                   349                 268                 
45:45:55            14686               2                   349                 268                 
45:50:55            14711               2                   349                 269                 
45:56:00            14737               2                   349                 269                 
46:01:01            14753               2                   349                 270                 
46:06:04            14772               2                   350                 271                 
46:11:20            14784               2                   350                 273                 
46:16:24            14810               2                   351                 274                 
46:21:25            14835               2                   351                 275                 
46:26:33            14883               2                   351                 275                 
46:31:40            14906               2                   351                 275                 
46:36:43            14919               2                   352                 275                 
46:41:44            14948               2                   352                 275                 
46:46:45            14980               2                   353                 275                 
46:51:46            14990               2                   353                 277                 
46:56:55            15002               2                   353                 277                 
47:02:04            15031               2                   353                 277                 
47:07:17            15067               2                   353                 277                 
47:12:23            15078               2                   353                 279                 
47:17:24            15096               2                   353                 280                 
47:23:24            15102               2                   353                 280                 
47:28:26            15142               2                   353                 280                 
47:34:38            15183               2                   353                 280                 
47:39:41            15224               2                   353                 280                 
47:44:46            15231               2                   353                 282                 
47:49:46            15280               2                   354                 282                 
47:54:49            15316               2                   354                 283                 
47:59:52            15343               2                   355                 284                 
48:04:55            15379               2                   355                 284                 
48:08:45            15400               2                   355                 284                 
