Time                Round               Mutate stage        Coverage            Crash found         
00:00:11            1                   0                   2                   0                   
00:05:17            28                  0                   5                   0                   
00:10:22            55                  0                   9                   0                   
00:15:33            82                  0                   13                  0                   
00:20:36            101                 0                   16                  0                   
00:25:42            127                 0                   19                  0                   
00:30:49            154                 0                   20                  0                   
00:35:56            181                 0                   20                  0                   
00:41:03            201                 0                   22                  0                   
00:46:11            228                 0                   23                  0                   
00:51:18            255                 0                   26                  0                   
00:56:21            280                 0                   29                  0                   
01:01:28            300                 0                   31                  0                   
01:06:37            327                 0                   31                  0                   
01:11:44            354                 0                   32                  0                   
01:16:49            381                 0                   33                  0                   
01:21:53            400                 0                   35                  0                   
01:26:59            427                 0                   37                  0                   
01:32:06            454                 0                   38                  0                   
01:37:18            481                 0                   44                  0                   
01:42:26            501                 0                   46                  0                   
01:47:26            527                 0                   47                  0                   
01:52:26            553                 0                   49                  0                   
01:57:37            580                 0                   50                  0                   
02:02:45            600                 0                   54                  0                   
02:07:50            626                 0                   56                  0                   
02:12:56            653                 0                   56                  0                   
02:18:06            680                 0                   57                  0                   
02:23:13            700                 0                   57                  0                   
02:28:14            726                 0                   59                  0                   
02:33:23            753                 0                   61                  0                   
02:38:34            780                 0                   64                  0                   
02:43:42            800                 0                   65                  0                   
02:48:48            827                 0                   66                  0                   
02:53:57            854                 0                   68                  0                   
02:59:07            881                 0                   69                  0                   
03:04:25            901                 0                   70                  0                   
03:09:28            928                 0                   71                  0                   
03:14:36            955                 0                   71                  0                   
03:19:45            982                 0                   72                  0                   
03:24:51            1002                0                   73                  0                   
03:29:57            1029                0                   73                  0                   
03:35:07            1056                0                   75                  0                   
03:40:17            1083                0                   78                  0                   
03:45:21            1102                0                   80                  0                   
03:50:31            1129                0                   86                  0                   
03:55:32            1155                0                   90                  0                   
04:00:43            1182                0                   91                  0                   
04:05:50            1202                0                   92                  0                   
04:10:54            1229                0                   92                  0                   
04:16:06            1256                0                   93                  0                   
04:21:11            1282                0                   99                  0                   
04:26:15            1301                0                   100                 0                   
04:31:16            1327                0                   102                 0                   
04:36:24            1354                0                   102                 0                   
04:41:32            1381                0                   103                 0                   
04:46:43            1401                0                   104                 0                   
04:51:50            1428                0                   104                 0                   
04:56:57            1455                0                   105                 0                   
05:02:05            1482                0                   106                 0                   
05:07:10            1502                0                   108                 0                   
05:12:10            1528                0                   109                 0                   
05:17:21            1555                0                   111                 0                   
05:22:31            1582                0                   112                 0                   
05:27:37            1602                0                   112                 0                   
05:32:44            1629                0                   113                 0                   
05:37:49            1656                0                   114                 0                   
05:42:53            1683                0                   116                 0                   
05:48:01            1703                0                   119                 0                   
05:53:08            1730                0                   120                 0                   
05:58:13            1756                0                   122                 0                   
06:03:23            1783                0                   122                 0                   
06:08:29            1803                0                   122                 0                   
06:13:40            1830                0                   123                 0                   
06:18:49            1857                0                   123                 0                   
06:23:58            1884                0                   124                 0                   
06:29:03            1903                0                   124                 0                   
06:34:05            1929                0                   126                 0                   
06:39:13            1956                0                   126                 0                   
06:44:17            1983                0                   126                 0                   
06:49:18            2001                0                   129                 0                   
06:54:19            2027                0                   133                 0                   
06:59:28            2054                0                   134                 0                   
07:04:37            2080                0                   135                 0                   
07:09:41            2100                0                   135                 0                   
07:14:52            2127                0                   135                 0                   
07:19:53            2153                0                   136                 0                   
07:25:00            2180                0                   136                 0                   
07:30:10            2200                0                   136                 0                   
07:35:19            2227                0                   137                 0                   
07:40:19            2253                0                   137                 0                   
07:45:28            2280                0                   137                 0                   
07:50:36            2300                0                   137                 0                   
07:55:46            2327                0                   140                 0                   
08:00:56            2354                0                   142                 0                   
08:06:06            2381                0                   144                 0                   
08:11:15            2401                0                   144                 0                   
08:16:24            2428                0                   147                 0                   
08:21:34            2455                0                   151                 0                   
08:26:45            2482                0                   151                 0                   
08:31:47            2501                0                   152                 0                   
08:36:57            2528                0                   153                 0                   
08:42:08            2555                0                   153                 0                   
08:47:18            2582                0                   154                 0                   
08:52:22            2602                0                   154                 0                   
08:57:22            2628                0                   154                 0                   
09:02:30            2655                0                   156                 0                   
09:07:33            2682                0                   156                 0                   
09:12:41            2702                0                   157                 0                   
09:17:41            2728                0                   159                 0                   
09:22:50            2755                0                   161                 0                   
09:27:56            2782                0                   164                 0                   
09:33:01            2801                0                   166                 0                   
09:38:08            2828                0                   167                 0                   
09:43:18            2855                0                   168                 0                   
09:48:28            2882                0                   169                 0                   
09:53:30            2901                0                   170                 0                   
09:58:38            2928                0                   171                 0                   
10:03:46            2955                0                   171                 0                   
10:08:55            2982                0                   172                 0                   
10:14:06            3001                0                   172                 0                   
10:19:13            3028                0                   172                 0                   
10:24:22            3055                0                   172                 0                   
10:29:24            3081                1                   173                 0                   
10:34:34            3101                1                   175                 0                   
10:39:43            3127                1                   175                 0                   
10:44:45            3153                1                   175                 0                   
10:49:49            3179                1                   177                 0                   
10:55:19            3200                1                   178                 0                   
11:00:24            3225                1                   181                 0                   
11:05:32            3252                1                   181                 0                   
11:10:43            3279                1                   183                 0                   
11:16:03            3300                1                   183                 0                   
11:21:04            3326                1                   184                 0                   
11:26:13            3353                1                   184                 0                   
11:31:18            3377                1                   188                 0                   
11:37:15            3400                1                   188                 0                   
11:42:16            3426                1                   189                 0                   
11:47:27            3453                1                   189                 0                   
11:52:31            3479                1                   190                 0                   
11:57:51            3500                1                   190                 0                   
12:03:00            3527                1                   191                 0                   
12:08:10            3554                1                   192                 0                   
12:13:14            3580                1                   192                 0                   
12:18:27            3600                1                   192                 0                   
12:23:28            3626                1                   192                 0                   
12:28:29            3652                1                   194                 0                   
12:33:32            3678                1                   194                 0                   
12:39:06            3700                1                   194                 0                   
12:44:15            3727                1                   194                 0                   
12:49:18            3753                1                   194                 0                   
12:54:24            3779                1                   196                 0                   
12:59:47            3800                1                   196                 0                   
13:04:58            3827                1                   197                 0                   
13:09:59            3853                1                   199                 0                   
13:15:02            3879                1                   199                 0                   
13:20:24            3900                1                   199                 0                   
13:25:33            3927                1                   199                 0                   
13:30:34            3953                1                   200                 0                   
13:35:38            3978                1                   200                 0                   
13:41:11            4000                1                   201                 0                   
13:46:16            4025                1                   201                 0                   
13:51:18            4049                1                   201                 0                   
13:56:21            4074                1                   202                 0                   
14:02:38            4100                1                   202                 0                   
14:07:42            4126                1                   202                 0                   
14:12:48            4152                1                   202                 0                   
14:17:59            4179                1                   202                 0                   
14:23:19            4200                1                   202                 0                   
14:28:19            4226                1                   203                 0                   
14:33:29            4253                1                   203                 0                   
14:38:31            4279                1                   203                 0                   
14:43:50            4300                1                   204                 0                   
14:48:52            4326                1                   205                 0                   
14:54:02            4353                1                   206                 0                   
14:59:07            4379                1                   208                 0                   
15:04:27            4400                1                   209                 0                   
15:09:34            4426                1                   211                 0                   
15:14:39            4452                1                   211                 0                   
15:19:44            4478                1                   213                 0                   
15:25:15            4500                1                   213                 0                   
15:30:23            4526                1                   217                 0                   
15:35:26            4550                1                   220                 0                   
15:40:29            4576                1                   222                 0                   
15:46:34            4600                1                   225                 0                   
15:51:43            4627                1                   225                 0                   
15:56:54            4654                1                   226                 0                   
16:01:58            4679                1                   227                 0                   
16:07:33            4700                1                   228                 0                   
16:12:35            4726                1                   228                 0                   
16:17:39            4752                1                   228                 0                   
16:22:40            4771                1                   232                 0                   
16:27:44            4796                1                   233                 0                   
16:32:55            4816                1                   233                 0                   
16:38:02            4842                1                   233                 0                   
16:43:02            4868                1                   234                 0                   
16:48:06            4894                1                   234                 0                   
16:53:12            4913                1                   234                 0                   
16:58:15            4939                1                   235                 0                   
17:03:15            4965                1                   236                 0                   
17:08:16            4991                1                   238                 0                   
17:13:25            5011                1                   238                 0                   
17:18:27            5037                1                   238                 0                   
17:23:29            5063                1                   239                 0                   
17:28:41            5090                1                   239                 0                   
17:33:49            5110                1                   239                 0                   
17:38:55            5136                1                   241                 0                   
17:44:04            5163                1                   242                 0                   
17:49:07            5185                1                   243                 0                   
17:54:17            5205                1                   244                 0                   
17:59:20            5231                1                   245                 0                   
18:04:24            5257                1                   246                 0                   
18:09:33            5283                1                   250                 0                   
18:14:36            5302                1                   252                 0                   
18:19:37            5328                1                   254                 0                   
18:24:42            5354                1                   256                 0                   
18:29:42            5380                1                   257                 0                   
18:34:55            5400                1                   259                 0                   
18:40:09            5421                1                   259                 0                   
18:45:10            5445                1                   260                 0                   
18:50:18            5470                1                   262                 0                   
18:55:30            5497                1                   263                 0                   
19:00:39            5517                1                   263                 0                   
19:05:45            5543                1                   264                 0                   
19:10:47            5569                1                   264                 0                   
19:15:47            5594                1                   264                 0                   
19:20:59            5614                1                   264                 0                   
19:26:09            5640                1                   265                 0                   
19:31:15            5666                1                   265                 0                   
19:36:21            5692                1                   266                 0                   
19:41:22            5711                1                   267                 0                   
19:46:30            5737                1                   267                 0                   
19:51:33            5763                1                   267                 0                   
19:56:45            5790                1                   269                 0                   
20:01:49            5809                1                   269                 0                   
20:06:59            5836                1                   270                 0                   
20:11:59            5862                1                   270                 0                   
20:17:00            5888                1                   270                 0                   
20:22:06            5907                1                   270                 0                   
20:27:07            5933                1                   270                 0                   
20:32:09            5959                1                   270                 0                   
20:37:20            5986                1                   270                 0                   
20:42:30            6006                1                   270                 0                   
20:47:31            6032                2                   270                 0                   
20:52:34            6058                2                   270                 0                   
20:57:37            6084                2                   270                 0                   
21:02:38            6103                2                   270                 0                   
21:07:40            6129                2                   270                 0                   
21:12:42            6152                2                   270                 0                   
21:17:45            6178                2                   270                 0                   
21:23:24            6200                2                   270                 0                   
21:28:26            6226                2                   271                 0                   
21:33:37            6252                2                   271                 0                   
21:38:44            6278                2                   271                 0                   
21:44:23            6300                2                   271                 0                   
21:49:26            6326                2                   271                 0                   
21:54:29            6352                2                   272                 0                   
21:59:29            6378                2                   272                 0                   
22:05:10            6400                2                   272                 0                   
22:10:17            6426                2                   272                 0                   
22:15:17            6452                2                   273                 0                   
22:20:27            6478                2                   273                 0                   
22:25:35            6499                2                   273                 0                   
22:30:36            6518                2                   273                 0                   
22:35:50            6544                2                   274                 0                   
22:40:57            6570                2                   274                 0                   
22:45:57            6596                2                   274                 0                   
22:51:09            6616                2                   275                 0                   
22:56:10            6642                2                   275                 0                   
23:01:22            6668                2                   275                 0                   
23:06:29            6694                2                   276                 0                   
23:11:30            6713                2                   276                 0                   
23:16:32            6739                2                   276                 0                   
23:21:35            6765                2                   276                 0                   
23:26:45            6791                2                   276                 0                   
23:31:55            6809                2                   277                 0                   
23:37:05            6834                2                   280                 0                   
23:42:14            6860                2                   280                 0                   
23:47:24            6886                2                   280                 0                   
23:52:25            6905                2                   280                 0                   
23:57:30            6931                2                   280                 0                   
24:02:37            6957                2                   280                 0                   
24:07:37            6982                2                   280                 0                   
24:12:38            7001                2                   280                 0                   
24:17:48            7028                2                   280                 0                   
24:22:58            7055                2                   280                 0                   
24:28:01            7081                2                   282                 0                   
24:33:13            7101                2                   283                 0                   
24:38:23            7128                2                   283                 0                   
24:43:26            7154                2                   284                 0                   
24:48:36            7180                2                   284                 0                   
24:53:45            7200                2                   284                 0                   
24:58:46            7226                2                   284                 0                   
25:03:48            7252                2                   286                 0                   
25:08:51            7278                2                   287                 0                   
25:14:25            7300                2                   287                 0                   
25:19:25            7326                2                   287                 0                   
25:24:27            7352                2                   290                 0                   
25:29:28            7378                2                   290                 0                   
25:35:03            7400                2                   292                 0                   
25:40:05            7426                2                   292                 0                   
25:45:10            7452                2                   292                 0                   
25:50:15            7478                2                   292                 0                   
25:55:54            7500                2                   292                 0                   
26:00:54            7526                2                   293                 0                   
26:05:56            7552                2                   293                 0                   
26:10:58            7578                2                   293                 0                   
26:16:37            7600                2                   293                 0                   
26:21:38            7626                2                   295                 0                   
26:26:40            7652                2                   295                 0                   
26:31:47            7673                2                   296                 0                   
26:36:50            7699                2                   297                 0                   
26:41:55            7718                2                   299                 0                   
26:46:57            7743                2                   299                 0                   
26:51:57            7769                2                   299                 0                   
26:57:09            7796                2                   299                 0                   
27:02:19            7816                2                   299                 0                   
27:07:20            7842                2                   299                 0                   
27:12:23            7864                2                   300                 0                   
27:17:27            7890                2                   300                 0                   
27:22:31            7909                2                   300                 0                   
27:27:42            7934                2                   300                 0                   
27:32:42            7960                2                   300                 0                   
27:37:44            7986                2                   301                 0                   
27:42:51            8004                2                   302                 0                   
27:47:57            8029                2                   302                 0                   
27:53:01            8053                2                   303                 0                   
27:58:13            8078                2                   304                 0                   
28:03:59            8100                2                   304                 0                   
28:09:08            8126                2                   304                 0                   
28:14:20            8153                2                   305                 0                   
28:19:29            8179                2                   305                 0                   
28:24:54            8200                2                   306                 0                   
28:30:02            8226                2                   306                 0                   
28:35:08            8251                2                   309                 0                   
28:40:09            8277                2                   310                 0                   
28:45:55            8300                2                   310                 0                   
28:51:05            8327                2                   310                 0                   
28:56:06            8353                2                   310                 0                   
29:01:07            8379                2                   310                 0                   
29:06:31            8400                2                   311                 0                   
29:11:39            8426                2                   312                 0                   
29:16:48            8452                2                   312                 0                   
29:21:49            8478                2                   314                 0                   
29:27:20            8500                2                   315                 0                   
29:32:22            8526                2                   315                 0                   
29:37:23            8552                2                   316                 0                   
29:42:23            8578                2                   316                 0                   
29:48:01            8600                2                   316                 0                   
29:53:15            8625                2                   316                 0                   
29:58:20            8650                2                   316                 0                   
30:03:25            8676                2                   316                 0                   
30:09:35            8700                2                   317                 0                   
30:14:36            8726                2                   318                 0                   
30:19:42            8752                2                   320                 0                   
30:24:45            8778                2                   320                 0                   
30:30:28            8800                2                   320                 0                   
30:35:31            8826                2                   322                 0                   
30:40:36            8852                2                   322                 0                   
30:45:39            8878                2                   322                 0                   
30:51:12            8900                2                   322                 0                   
30:56:20            8926                2                   323                 0                   
31:01:21            8952                2                   325                 0                   
31:06:22            8978                2                   325                 0                   
31:12:44            9000                2                   325                 0                   
31:17:46            9026                2                   325                 0                   
31:22:49            9052                2                   325                 0                   
31:28:00            9078                2                   325                 0                   
31:33:40            9100                2                   325                 0                   
31:38:43            9126                2                   325                 0                   
31:43:54            9153                2                   325                 0                   
31:49:06            9180                2                   325                 0                   
31:54:26            9200                2                   327                 0                   
31:59:34            9226                2                   328                 0                   
32:04:43            9251                2                   328                 0                   
32:09:46            9277                2                   328                 0                   
32:15:33            9300                2                   330                 0                   
32:20:42            9325                2                   330                 0                   
32:25:43            9348                2                   331                 0                   
32:30:50            9373                2                   332                 0                   
32:35:50            9397                2                   332                 0                   
32:40:52            9415                2                   332                 0                   
32:45:59            9441                2                   332                 0                   
32:51:07            9467                2                   332                 0                   
32:56:15            9493                2                   332                 0                   
33:01:20            9512                2                   332                 0                   
33:06:24            9538                2                   333                 0                   
33:11:28            9564                2                   333                 0                   
33:16:43            9588                2                   333                 0                   
33:21:45            9603                2                   333                 0                   
33:26:56            9630                2                   333                 0                   
33:31:59            9654                2                   336                 0                   
33:37:00            9680                2                   337                 0                   
33:42:15            9700                2                   338                 0                   
33:47:17            9726                2                   339                 0                   
33:52:18            9752                2                   339                 0                   
33:57:22            9778                2                   339                 0                   
34:02:55            9800                2                   339                 0                   
34:07:57            9826                2                   339                 0                   
34:12:58            9852                2                   342                 0                   
34:18:09            9879                2                   342                 0                   
34:23:37            9900                2                   343                 0                   
34:28:40            9926                2                   343                 0                   
34:33:42            9952                2                   343                 0                   
34:38:53            9973                2                   343                 0                   
34:45:22            10000               2                   344                 0                   
34:50:28            10026               2                   344                 0                   
34:55:30            10051               2                   344                 0                   
35:00:34            10077               2                   346                 0                   
35:06:25            10100               2                   346                 0                   
35:11:30            10126               2                   347                 0                   
35:16:40            10152               2                   347                 0                   
35:21:47            10178               2                   347                 0                   
35:27:26            10200               2                   347                 0                   
35:32:29            10226               2                   347                 0                   
35:37:33            10252               2                   347                 0                   
35:42:43            10278               2                   347                 0                   
35:48:24            10300               2                   348                 0                   
35:53:35            10327               2                   348                 0                   
35:58:45            10354               2                   348                 0                   
36:03:56            10371               2                   348                 0                   
36:08:59            10397               2                   349                 0                   
36:14:00            10416               2                   349                 0                   
36:19:09            10441               2                   349                 0                   
36:24:16            10467               2                   350                 0                   
36:29:18            10492               2                   350                 0                   
36:34:27            10511               2                   350                 0                   
36:39:35            10537               2                   350                 0                   
36:44:37            10563               2                   351                 0                   
36:49:38            10589               2                   352                 0                   
36:54:50            10609               2                   352                 0                   
36:59:58            10635               2                   352                 0                   
37:05:00            10660               2                   352                 0                   
37:10:07            10685               2                   352                 0                   
37:15:16            10702               2                   353                 0                   
37:20:21            10728               2                   353                 0                   
37:25:23            10754               2                   354                 0                   
37:30:25            10780               2                   354                 0                   
37:36:08            10800               2                   355                 0                   
37:41:09            10824               2                   356                 0                   
37:46:20            10849               2                   358                 0                   
37:51:29            10874               2                   360                 0                   
37:56:32            10898               2                   361                 0                   
38:01:37            10917               2                   361                 0                   
38:06:45            10943               2                   361                 0                   
38:11:48            10969               2                   361                 0                   
38:16:51            10995               2                   363                 0                   
38:21:51            11013               2                   363                 0                   
38:27:00            11039               2                   363                 0                   
38:32:10            11065               2                   363                 0                   
38:37:21            11092               2                   364                 0                   
38:42:29            11111               2                   364                 0                   
38:47:36            11134               2                   365                 0                   
38:52:46            11161               2                   365                 0                   
38:57:57            11188               2                   365                 0                   
39:03:02            11206               2                   366                 0                   
39:08:06            11232               2                   367                 0                   
39:13:11            11258               2                   367                 0                   
39:18:18            11284               2                   367                 0                   
39:23:23            11303               2                   367                 0                   
39:28:23            11329               2                   367                 0                   
39:33:24            11355               2                   367                 0                   
39:38:28            11381               2                   367                 0                   
39:43:39            11401               2                   367                 0                   
39:48:39            11427               2                   367                 0                   
39:53:40            11453               2                   367                 0                   
39:58:47            11479               2                   368                 0                   
40:04:33            11500               2                   369                 0                   
40:09:42            11526               2                   369                 0                   
40:14:45            11552               2                   370                 0                   
40:19:57            11579               2                   370                 0                   
40:25:22            11600               2                   371                 0                   
40:30:23            11626               2                   372                 0                   
40:35:32            11652               2                   372                 0                   
40:40:35            11678               2                   372                 0                   
40:46:22            11700               2                   372                 0                   
40:51:33            11726               2                   372                 0                   
40:56:35            11752               2                   372                 0                   
41:01:38            11778               2                   373                 0                   
41:07:14            11800               2                   374                 0                   
41:12:24            11827               2                   374                 0                   
41:17:28            11852               2                   375                 0                   
41:22:29            11878               2                   376                 0                   
41:28:13            11900               2                   376                 0                   
41:33:15            11926               2                   379                 0                   
41:38:30            11951               2                   379                 0                   
41:43:36            11971               2                   379                 0                   
41:48:41            11997               2                   380                 0                   
41:53:44            12015               2                   380                 0                   
41:58:54            12040               2                   381                 0                   
42:04:04            12065               2                   381                 0                   
42:09:15            12092               2                   382                 0                   
42:14:26            12112               2                   382                 0                   
42:19:31            12138               2                   382                 0                   
42:24:35            12164               2                   383                 0                   
42:29:45            12190               2                   383                 0                   
42:34:56            12210               2                   383                 0                   
42:40:05            12233               2                   385                 0                   
42:45:14            12258               2                   385                 0                   
42:50:17            12284               2                   385                 0                   
42:55:18            12303               2                   385                 0                   
43:00:34            12329               2                   387                 0                   
43:05:37            12353               2                   389                 0                   
43:10:45            12379               2                   389                 0                   
43:16:20            12400               2                   392                 0                   
43:21:32            12426               2                   393                 0                   
43:26:40            12451               2                   393                 0                   
43:31:50            12477               2                   394                 0                   
43:38:00            12500               2                   394                 0                   
43:43:09            12526               2                   394                 0                   
43:48:15            12552               2                   394                 0                   
43:53:19            12578               2                   394                 0                   
43:59:11            12600               2                   394                 0                   
44:04:17            12626               2                   394                 0                   
44:09:22            12652               2                   394                 0                   
44:14:24            12678               2                   395                 0                   
44:20:00            12700               2                   395                 0                   
44:25:10            12721               2                   395                 0                   
44:30:13            12747               2                   395                 0                   
44:35:15            12773               2                   395                 0                   
44:40:18            12799               2                   396                 0                   
44:45:18            12818               2                   397                 0                   
44:50:18            12844               2                   398                 0                   
44:55:24            12870               2                   398                 0                   
45:00:27            12896               2                   398                 0                   
45:05:37            12916               2                   398                 0                   
45:10:41            12942               2                   399                 0                   
45:15:52            12969               2                   399                 0                   
45:20:53            12995               2                   399                 0                   
45:26:04            13015               2                   399                 0                   
45:31:12            13041               2                   400                 0                   
45:36:19            13067               2                   400                 0                   
45:41:30            13094               2                   402                 0                   
45:46:40            13112               2                   402                 0                   
45:51:45            13137               2                   402                 0                   
45:56:46            13163               2                   403                 0                   
46:01:51            13188               2                   404                 0                   
46:06:55            13206               2                   405                 0                   
46:11:55            13232               2                   406                 0                   
46:17:06            13258               2                   408                 0                   
46:22:12            13284               2                   408                 0                   
46:27:13            13303               2                   409                 0                   
46:32:21            13329               2                   409                 0                   
46:37:32            13356               2                   409                 0                   
46:42:35            13382               2                   411                 0                   
46:47:43            13401               2                   411                 0                   
46:52:46            13427               2                   411                 0                   
46:57:48            13451               2                   412                 0                   
47:02:54            13477               2                   412                 0                   
47:08:42            13500               2                   412                 0                   
47:13:53            13527               2                   412                 0                   
47:18:57            13553               2                   412                 0                   
47:24:06            13578               2                   415                 0                   
47:29:48            13600               2                   415                 0                   
47:34:53            13626               2                   416                 0                   
47:39:55            13651               2                   416                 0                   
47:45:01            13676               2                   417                 0                   
47:50:55            13700               2                   419                 0                   
47:55:59            13726               2                   419                 0                   
48:01:03            13752               2                   420                 0                   
48:02:48            13761               2                   420                 0                   
