Time                Round               Mutate stage        Coverage            Crash found         
00:00:28            1                   0                   1                   0                   
00:05:42            12                  0                   6                   0                   
00:10:56            23                  0                   7                   0                   
00:16:10            34                  0                   11                  0                   
00:21:23            45                  0                   11                  0                   
00:26:37            56                  0                   11                  0                   
00:31:51            67                  0                   14                  0                   
00:37:05            78                  0                   14                  0                   
00:42:18            89                  0                   15                  0                   
00:48:38            100                 0                   15                  0                   
00:53:52            111                 0                   15                  0                   
00:59:06            122                 0                   15                  0                   
01:04:19            133                 0                   15                  0                   
01:09:33            144                 0                   15                  0                   
01:14:47            155                 0                   15                  0                   
01:20:00            166                 0                   16                  0                   
01:25:14            177                 0                   19                  0                   
01:30:28            188                 0                   19                  0                   
01:35:42            199                 0                   19                  0                   
01:41:02            208                 0                   19                  0                   
01:46:16            219                 0                   19                  0                   
01:51:30            230                 0                   19                  0                   
01:56:43            241                 0                   19                  0                   
02:01:57            252                 0                   19                  0                   
02:07:11            263                 0                   19                  0                   
02:12:25            274                 0                   20                  0                   
02:17:38            285                 0                   22                  0                   
02:22:52            296                 0                   22                  0                   
02:28:13            305                 0                   22                  0                   
02:33:28            316                 0                   22                  0                   
02:38:42            327                 0                   22                  0                   
02:43:55            338                 0                   23                  0                   
02:49:09            349                 0                   26                  0                   
02:54:23            360                 0                   26                  0                   
02:59:37            371                 0                   26                  0                   
03:04:51            382                 0                   26                  0                   
03:10:04            393                 0                   27                  0                   
03:15:31            402                 0                   28                  0                   
03:20:45            413                 0                   28                  0                   
03:25:59            424                 0                   28                  0                   
03:31:13            435                 0                   30                  0                   
03:36:27            446                 0                   30                  0                   
03:41:41            457                 0                   30                  0                   
03:46:55            468                 0                   30                  0                   
03:52:08            479                 0                   30                  0                   
03:57:22            490                 0                   30                  0                   
04:03:20            500                 0                   30                  0                   
04:08:34            511                 0                   30                  0                   
04:13:48            522                 0                   30                  0                   
04:19:03            533                 0                   30                  0                   
04:24:17            544                 1                   30                  0                   
04:29:30            555                 1                   31                  0                   
04:34:44            566                 1                   31                  0                   
04:39:58            577                 1                   31                  0                   
04:45:12            588                 1                   34                  0                   
04:50:25            599                 1                   37                  0                   
04:55:26            607                 1                   37                  0                   
05:00:41            618                 1                   37                  0                   
05:05:54            629                 1                   37                  0                   
05:11:08            640                 1                   37                  0                   
05:16:22            651                 1                   37                  0                   
05:21:36            662                 1                   39                  0                   
05:26:49            673                 1                   40                  0                   
05:32:03            684                 1                   42                  0                   
05:37:17            695                 1                   42                  0                   
05:42:38            704                 1                   42                  0                   
05:47:52            715                 1                   42                  0                   
05:53:06            726                 1                   43                  0                   
05:58:21            737                 1                   43                  0                   
06:03:35            748                 1                   44                  0                   
06:08:49            759                 1                   44                  0                   
06:14:02            770                 1                   44                  0                   
06:19:16            781                 1                   44                  0                   
06:24:30            792                 1                   44                  0                   
06:29:31            800                 1                   44                  0                   
06:34:46            811                 1                   44                  0                   
06:40:00            822                 1                   44                  0                   
06:45:14            833                 1                   44                  0                   
06:50:28            844                 1                   44                  0                   
06:55:41            855                 1                   46                  0                   
07:00:55            866                 1                   49                  0                   
07:06:09            877                 1                   52                  0                   
07:11:23            888                 1                   53                  0                   
07:16:37            899                 1                   53                  0                   
07:21:58            908                 1                   54                  0                   
07:27:11            919                 1                   55                  0                   
07:32:25            930                 1                   56                  0                   
07:37:39            941                 1                   57                  0                   
07:42:50            954                 1                   58                  0                   
07:48:04            965                 1                   58                  0                   
07:53:18            976                 1                   58                  0                   
07:58:33            987                 1                   58                  0                   
08:03:46            998                 1                   58                  0                   
08:08:58            1006                1                   58                  0                   
08:14:12            1017                1                   60                  0                   
08:19:26            1028                1                   60                  0                   
08:24:40            1039                1                   60                  0                   
08:29:54            1050                1                   60                  0                   
08:35:07            1061                1                   60                  0                   
08:40:21            1072                1                   60                  0                   
08:45:35            1083                1                   60                  0                   
08:50:49            1094                1                   60                  0                   
08:56:10            1103                1                   61                  0                   
09:01:24            1114                1                   61                  0                   
09:06:39            1125                1                   62                  0                   
09:11:53            1136                1                   64                  0                   
09:17:07            1147                1                   64                  0                   
09:22:21            1158                1                   64                  0                   
09:27:35            1169                1                   64                  0                   
09:32:50            1180                1                   64                  0                   
09:38:04            1191                1                   64                  0                   
09:43:39            1200                1                   64                  0                   
09:48:54            1211                1                   64                  0                   
09:54:08            1222                1                   64                  0                   
09:59:28            1234                1                   66                  0                   
10:04:34            1245                1                   67                  0                   
10:10:02            1258                1                   67                  0                   
10:15:16            1269                1                   68                  0                   
10:20:30            1280                1                   68                  0                   
10:25:44            1291                1                   68                  0                   
10:31:19            1300                1                   68                  0                   
10:36:34            1311                1                   69                  0                   
10:41:48            1322                1                   70                  0                   
10:47:02            1333                1                   71                  0                   
10:52:16            1344                1                   71                  0                   
10:57:30            1355                1                   72                  0                   
11:02:43            1366                1                   76                  0                   
11:07:57            1377                1                   76                  0                   
11:13:11            1388                1                   76                  0                   
11:18:26            1399                1                   76                  0                   
11:23:47            1408                1                   76                  0                   
11:29:01            1419                1                   76                  0                   
11:34:16            1430                1                   77                  0                   
11:39:30            1441                1                   77                  0                   
11:44:43            1452                1                   80                  0                   
11:49:57            1463                1                   81                  0                   
11:55:11            1474                1                   82                  0                   
12:00:25            1485                1                   84                  0                   
12:05:39            1496                1                   84                  0                   
12:11:00            1505                1                   84                  0                   
12:16:14            1516                1                   85                  0                   
12:21:28            1530                1                   85                  0                   
12:26:42            1541                1                   85                  0                   
12:31:56            1552                1                   85                  0                   
12:37:10            1563                1                   85                  0                   
12:42:24            1574                1                   86                  0                   
12:47:38            1585                1                   87                  0                   
12:52:52            1596                1                   87                  0                   
12:58:13            1605                1                   87                  0                   
13:03:26            1616                1                   88                  0                   
13:08:40            1627                1                   88                  0                   
13:13:54            1638                1                   88                  0                   
13:19:08            1649                1                   88                  0                   
13:24:22            1660                1                   88                  0                   
13:29:36            1671                1                   89                  0                   
13:34:50            1682                1                   92                  0                   
13:40:04            1693                1                   92                  0                   
13:45:26            1702                1                   92                  0                   
13:50:34            1709                1                   92                  1                   
13:55:49            1720                1                   92                  1                   
14:01:03            1731                1                   92                  1                   
14:06:17            1742                1                   92                  1                   
14:11:32            1753                1                   93                  1                   
14:16:46            1764                1                   93                  1                   
14:22:00            1775                1                   93                  1                   
14:27:13            1786                1                   93                  1                   
14:32:27            1797                1                   93                  1                   
14:37:42            1808                1                   93                  1                   
14:43:03            1817                1                   93                  1                   
14:48:17            1828                1                   93                  1                   
14:53:31            1839                1                   94                  1                   
14:58:45            1850                1                   95                  1                   
15:03:59            1861                1                   96                  1                   
15:09:05            1873                1                   97                  1                   
15:14:33            1885                1                   98                  1                   
15:19:47            1896                1                   99                  1                   
15:25:01            1907                1                   99                  1                   
15:30:22            1916                1                   99                  1                   
15:35:36            1927                1                   100                 1                   
15:40:50            1938                1                   100                 1                   
15:46:04            1949                1                   100                 1                   
15:51:18            1960                1                   100                 1                   
15:56:34            1971                1                   100                 1                   
16:01:48            1982                1                   100                 1                   
16:07:02            1993                1                   101                 1                   
16:12:18            2004                1                   101                 1                   
16:17:39            2013                1                   101                 1                   
16:22:53            2024                1                   101                 1                   
16:28:07            2035                1                   101                 1                   
16:33:21            2046                1                   101                 1                   
16:38:35            2057                1                   101                 1                   
16:43:49            2068                1                   103                 1                   
16:49:03            2079                1                   106                 1                   
16:54:17            2090                1                   106                 1                   
16:59:31            2101                1                   106                 1                   
17:04:52            2110                1                   106                 1                   
17:10:06            2121                1                   106                 1                   
17:15:21            2132                1                   106                 1                   
17:20:35            2143                1                   106                 1                   
17:25:49            2154                1                   107                 1                   
17:31:03            2165                1                   107                 1                   
17:36:17            2176                1                   107                 1                   
17:41:32            2187                1                   107                 1                   
17:46:46            2198                1                   107                 1                   
17:53:04            2209                1                   109                 1                   
17:58:18            2220                1                   109                 1                   
18:03:33            2231                1                   109                 1                   
18:08:47            2242                1                   109                 1                   
18:14:01            2253                1                   109                 1                   
18:19:15            2264                1                   109                 1                   
18:24:30            2275                1                   109                 1                   
18:29:44            2286                1                   109                 1                   
18:34:57            2298                1                   110                 1                   
18:41:16            2309                1                   110                 1                   
18:46:30            2320                1                   110                 1                   
18:51:44            2331                1                   110                 1                   
18:56:58            2342                1                   111                 1                   
19:02:12            2353                1                   111                 1                   
19:07:26            2364                1                   111                 1                   
19:12:40            2378                1                   111                 1                   
19:17:54            2389                1                   111                 1                   
19:23:09            2400                1                   111                 1                   
19:28:30            2409                1                   111                 1                   
19:33:44            2420                1                   111                 1                   
19:38:59            2431                1                   111                 1                   
19:44:13            2442                1                   111                 1                   
19:49:27            2453                1                   111                 1                   
19:54:41            2464                1                   112                 1                   
19:59:55            2475                1                   112                 1                   
20:05:09            2486                1                   113                 1                   
20:10:23            2497                1                   113                 1                   
20:15:39            2508                1                   113                 1                   
20:21:00            2517                1                   113                 1                   
20:26:14            2528                1                   113                 1                   
20:31:28            2539                1                   113                 1                   
20:36:42            2550                1                   113                 1                   
20:41:56            2561                1                   113                 1                   
20:47:11            2572                1                   113                 1                   
20:52:25            2583                1                   113                 1                   
20:57:40            2594                1                   113                 1                   
21:02:54            2605                1                   113                 1                   
21:08:15            2614                1                   113                 1                   
21:13:30            2625                1                   113                 1                   
21:18:44            2636                1                   113                 1                   
21:23:58            2647                1                   113                 1                   
21:29:12            2658                1                   113                 1                   
21:34:26            2669                1                   113                 1                   
21:39:41            2680                2                   113                 1                   
21:44:55            2691                2                   113                 1                   
21:50:09            2702                2                   113                 1                   
21:55:33            2711                2                   113                 1                   
22:00:48            2722                2                   113                 1                   
22:05:59            2734                2                   114                 1                   
22:11:14            2745                2                   114                 1                   
22:16:28            2756                2                   114                 1                   
22:21:42            2767                2                   114                 1                   
22:26:56            2778                2                   114                 1                   
22:32:10            2789                2                   114                 1                   
22:37:26            2800                2                   114                 1                   
22:42:47            2809                2                   114                 1                   
22:48:01            2820                2                   114                 1                   
22:53:14            2832                2                   114                 1                   
22:58:34            2847                2                   115                 1                   
23:03:41            2858                2                   115                 1                   
23:08:55            2869                2                   115                 1                   
23:14:09            2880                2                   115                 1                   
23:19:23            2891                2                   117                 1                   
23:24:38            2902                2                   117                 1                   
23:29:50            2910                2                   117                 1                   
23:35:05            2921                2                   117                 1                   
23:40:19            2932                2                   117                 1                   
23:45:34            2943                2                   117                 1                   
23:50:48            2954                2                   119                 1                   
23:56:07            2965                2                   119                 1                   
24:01:22            2976                2                   119                 1                   
24:06:36            2987                2                   119                 1                   
24:11:50            2998                2                   119                 1                   
24:18:08            3009                2                   119                 1                   
24:23:22            3020                2                   120                 1                   
24:28:36            3031                2                   120                 1                   
24:33:50            3042                2                   120                 1                   
24:39:06            3053                2                   121                 1                   
24:44:20            3064                2                   124                 1                   
24:49:34            3075                2                   124                 1                   
24:54:49            3086                2                   124                 1                   
25:00:04            3097                2                   124                 1                   
25:05:19            3108                2                   124                 1                   
25:10:40            3117                2                   124                 1                   
25:15:54            3128                2                   124                 1                   
25:21:08            3139                2                   124                 1                   
25:26:22            3150                2                   127                 1                   
25:31:38            3161                2                   127                 1                   
25:36:52            3172                2                   127                 1                   
25:42:07            3183                2                   127                 1                   
25:47:22            3194                2                   127                 1                   
25:52:36            3205                2                   127                 1                   
25:57:57            3214                2                   127                 1                   
26:03:12            3225                2                   127                 1                   
26:08:28            3236                2                   129                 1                   
26:13:43            3247                2                   130                 1                   
26:18:57            3258                2                   130                 1                   
26:24:11            3269                2                   130                 1                   
26:29:26            3280                2                   130                 1                   
26:34:40            3291                2                   130                 1                   
26:39:54            3302                2                   130                 1                   
26:45:15            3311                2                   130                 1                   
26:50:30            3322                2                   130                 1                   
26:55:45            3333                2                   131                 1                   
27:01:00            3344                2                   131                 1                   
27:06:16            3355                2                   131                 1                   
27:11:30            3366                2                   131                 1                   
27:16:44            3377                2                   131                 1                   
27:21:59            3388                2                   132                 1                   
27:27:26            3402                2                   132                 1                   
27:32:39            3410                2                   132                 1                   
27:37:54            3421                2                   132                 1                   
27:43:08            3432                2                   133                 1                   
27:48:25            3443                2                   133                 1                   
27:53:39            3454                2                   133                 1                   
27:58:54            3465                2                   133                 1                   
28:04:09            3476                2                   133                 1                   
28:09:23            3490                2                   133                 1                   
28:14:37            3501                2                   134                 1                   
28:19:59            3510                2                   134                 1                   
28:25:16            3521                2                   134                 1                   
28:30:31            3532                2                   134                 1                   
28:35:46            3543                2                   134                 1                   
28:41:01            3554                2                   135                 1                   
28:46:16            3565                2                   136                 1                   
28:51:30            3576                2                   136                 1                   
28:56:44            3587                2                   136                 1                   
29:01:59            3598                2                   136                 1                   
29:08:17            3609                2                   136                 1                   
29:13:31            3620                2                   136                 1                   
29:18:46            3631                2                   136                 1                   
29:24:01            3642                2                   136                 1                   
29:29:15            3653                2                   136                 1                   
29:34:29            3664                2                   136                 1                   
29:39:44            3675                2                   136                 1                   
29:44:46            3689                2                   137                 1                   
29:50:01            3700                2                   137                 1                   
29:55:22            3709                2                   137                 1                   
30:00:36            3720                2                   137                 1                   
30:05:52            3731                2                   137                 1                   
30:11:06            3742                2                   137                 1                   
30:16:20            3753                2                   138                 1                   
30:21:34            3764                2                   139                 1                   
30:26:49            3775                2                   139                 1                   
30:32:03            3786                2                   139                 1                   
30:37:18            3797                2                   139                 1                   
30:42:34            3808                2                   139                 1                   
30:47:56            3817                2                   139                 1                   
30:53:12            3828                2                   139                 1                   
30:58:26            3839                2                   139                 1                   
31:03:40            3850                2                   139                 1                   
31:08:55            3861                2                   139                 1                   
31:14:09            3872                2                   139                 1                   
31:19:24            3883                2                   139                 1                   
31:24:39            3894                2                   139                 1                   
31:29:53            3905                2                   139                 1                   
31:35:16            3914                2                   140                 1                   
31:40:30            3925                2                   141                 1                   
31:45:45            3936                2                   142                 1                   
31:50:59            3947                2                   143                 1                   
31:56:14            3958                2                   143                 1                   
32:01:22            3969                2                   143                 1                   
32:06:40            3984                2                   143                 1                   
32:12:05            3999                2                   143                 1                   
32:17:55            4009                2                   143                 1                   
32:23:09            4020                2                   143                 1                   
32:28:23            4031                2                   143                 1                   
32:33:38            4042                2                   143                 1                   
32:38:52            4053                2                   143                 1                   
32:44:06            4064                2                   143                 1                   
32:49:21            4075                2                   143                 1                   
32:54:35            4086                2                   143                 1                   
32:59:41            4098                2                   144                 1                   
33:06:00            4109                2                   144                 1                   
33:11:15            4120                2                   144                 1                   
33:16:29            4131                2                   144                 1                   
33:21:44            4142                2                   144                 1                   
33:26:55            4153                2                   144                 1                   
33:32:09            4164                2                   144                 1                   
33:37:23            4175                2                   145                 1                   
33:42:38            4186                2                   145                 1                   
33:47:53            4197                2                   145                 1                   
33:53:07            4208                2                   146                 1                   
33:58:28            4217                2                   146                 1                   
34:03:42            4228                2                   146                 1                   
34:08:55            4239                2                   149                 1                   
34:14:09            4250                2                   151                 1                   
34:19:23            4261                2                   152                 1                   
34:24:36            4272                2                   152                 1                   
34:29:50            4283                2                   153                 1                   
34:34:51            4294                2                   153                 1                   
34:40:05            4305                2                   153                 1                   
34:45:18            4313                2                   154                 1                   
34:50:35            4324                2                   154                 1                   
34:55:48            4335                2                   158                 1                   
35:01:03            4346                2                   158                 1                   
35:06:17            4357                2                   158                 1                   
35:11:32            4368                2                   158                 1                   
35:16:46            4379                2                   159                 1                   
35:22:00            4390                2                   159                 1                   
35:27:16            4401                2                   159                 1                   
35:32:37            4410                2                   160                 1                   
35:37:53            4421                2                   160                 1                   
35:43:07            4432                2                   161                 1                   
35:48:22            4443                2                   161                 1                   
35:53:37            4454                2                   161                 1                   
35:58:51            4465                2                   162                 1                   
36:04:06            4476                2                   162                 1                   
36:09:21            4487                2                   162                 1                   
36:14:36            4498                2                   163                 1                   
36:20:55            4509                2                   164                 1                   
36:26:09            4520                2                   165                 1                   
36:31:24            4531                2                   166                 1                   
36:36:38            4542                2                   166                 1                   
36:41:52            4553                2                   166                 1                   
36:47:07            4564                2                   166                 1                   
36:52:21            4575                2                   166                 1                   
36:57:36            4586                2                   167                 1                   
37:02:51            4597                2                   168                 1                   
37:08:06            4608                2                   168                 1                   
37:13:27            4617                2                   168                 1                   
37:18:41            4628                2                   168                 1                   
37:23:57            4639                2                   168                 1                   
37:29:12            4650                2                   168                 1                   
37:34:14            4661                2                   168                 1                   
37:39:29            4672                2                   168                 1                   
37:44:45            4683                2                   168                 1                   
37:49:59            4694                2                   169                 1                   
37:55:00            4705                2                   169                 1                   
38:00:07            4715                2                   169                 1                   
38:05:22            4726                2                   170                 1                   
38:10:36            4737                2                   170                 1                   
38:15:51            4748                2                   170                 1                   
38:21:05            4759                2                   171                 1                   
38:26:20            4770                2                   171                 1                   
38:31:36            4781                2                   171                 1                   
38:36:51            4792                2                   171                 1                   
38:42:07            4803                2                   171                 1                   
38:47:31            4814                2                   171                 1                   
38:52:46            4825                2                   171                 1                   
38:58:01            4836                2                   171                 1                   
39:03:16            4847                2                   172                 1                   
39:08:30            4858                2                   172                 1                   
39:13:45            4869                2                   172                 1                   
39:18:59            4880                2                   172                 1                   
39:24:14            4891                2                   172                 1                   
39:29:29            4902                2                   173                 1                   
39:34:50            4911                2                   173                 1                   
39:40:46            4922                2                   173                 2                   
39:46:08            4931                2                   173                 2                   
39:51:22            4942                2                   174                 2                   
39:56:37            4953                2                   174                 2                   
40:01:52            4964                2                   174                 2                   
40:07:07            4975                2                   175                 2                   
40:12:21            4986                2                   175                 2                   
40:17:43            4998                2                   175                 2                   
40:22:57            5009                2                   175                 2                   
40:28:12            5020                2                   175                 2                   
40:33:33            5029                2                   175                 2                   
40:38:44            5041                2                   176                 2                   
40:43:59            5052                2                   176                 2                   
40:49:15            5063                2                   176                 2                   
40:54:29            5074                2                   176                 2                   
40:59:44            5085                2                   178                 2                   
41:04:59            5096                2                   179                 2                   
41:10:15            5107                2                   180                 2                   
41:15:29            5118                2                   180                 2                   
41:20:51            5127                2                   180                 2                   
41:26:06            5138                2                   180                 2                   
41:31:20            5149                2                   180                 2                   
41:36:35            5160                2                   180                 2                   
41:41:50            5171                2                   180                 2                   
41:47:05            5182                2                   181                 2                   
41:52:20            5193                2                   181                 2                   
41:57:35            5204                2                   181                 2                   
42:02:49            5215                2                   181                 2                   
42:08:13            5224                2                   181                 2                   
42:13:32            5236                2                   181                 2                   
42:18:57            5248                2                   181                 2                   
42:24:12            5259                2                   181                 2                   
42:29:27            5270                2                   181                 2                   
42:34:42            5281                2                   181                 2                   
42:39:56            5292                2                   182                 2                   
42:45:12            5303                2                   182                 2                   
42:50:27            5314                2                   182                 2                   
42:55:48            5323                2                   182                 2                   
43:01:03            5334                2                   182                 2                   
43:06:17            5345                2                   182                 2                   
43:11:36            5356                2                   182                 2                   
43:16:51            5367                2                   183                 2                   
43:22:07            5378                2                   183                 2                   
43:27:28            5390                2                   183                 2                   
43:32:40            5403                2                   183                 2                   
43:37:46            5416                2                   183                 2                   
43:43:08            5425                2                   183                 2                   
43:48:22            5436                2                   183                 2                   
43:53:37            5447                2                   184                 2                   
43:58:52            5458                2                   184                 2                   
44:03:56            5471                2                   185                 2                   
44:09:05            5482                2                   185                 2                   
44:14:20            5493                2                   185                 2                   
44:19:36            5504                2                   185                 2                   
44:24:55            5516                2                   185                 2                   
44:30:21            5526                2                   185                 2                   
44:35:36            5537                2                   185                 2                   
44:40:50            5548                2                   185                 2                   
44:46:05            5559                2                   185                 2                   
44:51:20            5570                2                   185                 2                   
44:56:37            5581                2                   185                 2                   
45:01:54            5592                2                   185                 2                   
45:06:56            5599                2                   185                 3                   
45:12:11            5610                2                   185                 3                   
45:17:27            5621                2                   185                 3                   
45:22:42            5632                2                   185                 3                   
45:27:57            5643                2                   186                 3                   
45:33:12            5654                2                   186                 3                   
45:38:27            5665                2                   186                 3                   
45:43:42            5676                2                   186                 3                   
45:48:57            5687                2                   186                 3                   
45:54:19            5696                2                   186                 3                   
45:59:34            5707                2                   186                 3                   
46:04:49            5718                2                   186                 3                   
46:10:04            5729                2                   187                 3                   
46:15:18            5740                2                   187                 3                   
46:20:33            5751                2                   187                 3                   
46:25:48            5762                2                   187                 3                   
46:31:04            5773                2                   187                 3                   
46:36:19            5784                2                   189                 3                   
46:42:38            5795                2                   189                 3                   
46:47:53            5806                2                   190                 3                   
46:52:56            5817                2                   190                 3                   
46:58:11            5828                2                   190                 3                   
47:03:27            5839                2                   190                 3                   
47:08:42            5850                2                   190                 3                   
47:13:57            5861                2                   190                 3                   
47:19:12            5872                2                   191                 3                   
47:24:27            5883                2                   192                 3                   
47:29:41            5894                2                   193                 3                   
47:35:03            5903                2                   193                 3                   
47:40:18            5914                2                   193                 3                   
47:45:33            5925                2                   193                 3                   
47:50:48            5936                2                   196                 3                   
47:56:03            5947                2                   196                 3                   
48:01:17            5958                2                   196                 3                   
48:06:32            5969                2                   196                 3                   
48:11:47            5980                2                   197                 3                   
48:17:02            5991                2                   197                 3                   
48:22:24            6000                2                   197                 3                   
48:27:34            6012                2                   197                 3                   
48:32:49            6023                2                   197                 3                   
48:38:03            6034                2                   197                 3                   
48:43:18            6045                2                   198                 3                   
48:48:33            6056                2                   198                 3                   
48:53:49            6067                2                   198                 3                   
48:59:04            6078                2                   198                 3                   
49:04:18            6089                2                   198                 3                   
49:09:38            6099                2                   199                 3                   
49:14:53            6110                2                   199                 3                   
49:20:08            6121                2                   199                 3                   
49:25:23            6132                2                   199                 3                   
49:28:40            6139                2                   199                 3                   
