Time                Round               Mutate stage        Coverage            Crash found         
00:00:04            1                   0                   2                   0                   
00:05:06            62                  0                   7                   0                   
00:10:08            130                 0                   10                  0                   
00:15:10            204                 0                   11                  0                   
00:20:12            279                 0                   12                  0                   
00:25:15            344                 1                   12                  0                   
00:30:16            419                 1                   12                  0                   
00:35:17            486                 2                   16                  0                   
00:40:19            543                 2                   18                  0                   
00:45:19            605                 2                   20                  0                   
00:50:20            683                 2                   21                  0                   
00:55:25            748                 2                   21                  0                   
01:00:26            792                 2                   22                  1                   
01:05:27            874                 2                   22                  1                   
01:10:32            943                 2                   22                  1                   
01:15:35            1002                2                   23                  1                   
01:20:35            1067                2                   23                  1                   
01:25:38            1143                2                   24                  1                   
01:30:42            1196                2                   26                  1                   
01:35:47            1255                2                   27                  1                   
01:40:48            1312                2                   27                  1                   
01:45:49            1390                2                   27                  1                   
01:50:50            1451                2                   27                  1                   
01:55:54            1513                2                   31                  1                   
02:00:55            1580                2                   31                  1                   
02:05:59            1655                2                   31                  1                   
02:11:02            1719                2                   31                  1                   
02:16:07            1770                2                   31                  1                   
02:21:11            1827                2                   32                  1                   
02:26:13            1878                2                   32                  2                   
02:31:16            1957                2                   33                  2                   
02:36:22            2014                2                   33                  2                   
02:41:26            2069                2                   33                  2                   
02:46:28            2143                2                   34                  2                   
02:51:28            2211                2                   36                  2                   
02:56:30            2288                2                   37                  2                   
03:01:34            2354                2                   37                  2                   
03:06:37            2397                2                   38                  2                   
03:11:40            2465                2                   39                  2                   
03:16:44            2522                2                   39                  2                   
03:21:44            2605                2                   40                  2                   
03:26:49            2680                2                   40                  2                   
03:31:51            2735                2                   40                  2                   
03:36:53            2799                2                   42                  2                   
03:41:59            2866                2                   43                  2                   
03:47:02            2916                2                   43                  2                   
03:52:04            2995                2                   44                  2                   
03:57:09            3066                2                   44                  2                   
04:02:11            3125                2                   48                  2                   
04:07:15            3198                2                   48                  2                   
04:12:18            3261                2                   48                  2                   
04:17:19            3327                2                   48                  2                   
04:22:23            3378                2                   48                  2                   
04:27:25            3463                2                   50                  2                   
04:32:28            3531                2                   53                  2                   
04:37:31            3588                2                   54                  2                   
04:42:34            3654                2                   55                  2                   
04:47:38            3728                2                   56                  2                   
04:52:40            3782                2                   59                  2                   
04:57:41            3840                2                   59                  2                   
05:02:43            3904                2                   61                  2                   
05:07:46            3988                2                   62                  2                   
05:12:49            4053                2                   63                  2                   
05:17:52            4119                2                   63                  2                   
05:22:56            4180                2                   65                  2                   
05:27:58            4250                2                   65                  2                   
05:33:01            4325                2                   66                  2                   
05:38:03            4378                2                   67                  2                   
05:43:06            4449                2                   68                  2                   
05:48:07            4531                2                   71                  2                   
05:53:10            4612                2                   71                  2                   
05:58:16            4679                2                   71                  2                   
06:03:17            4742                2                   71                  2                   
06:08:24            4803                2                   71                  2                   
06:13:24            4863                2                   71                  2                   
06:18:25            4913                2                   71                  2                   
06:23:29            4992                2                   71                  2                   
06:28:30            5055                2                   74                  2                   
06:33:32            5125                2                   75                  2                   
06:38:35            5207                2                   75                  2                   
06:43:35            5290                2                   76                  2                   
06:48:37            5366                2                   76                  2                   
06:53:38            5405                2                   77                  2                   
06:58:39            5469                2                   77                  2                   
07:03:45            5522                2                   77                  2                   
07:08:48            5592                2                   77                  2                   
07:13:49            5652                2                   77                  2                   
07:18:53            5720                2                   77                  2                   
07:23:55            5783                2                   77                  2                   
07:28:56            5848                2                   79                  2                   
07:33:56            5905                2                   79                  2                   
07:38:58            5983                2                   79                  2                   
07:44:00            6056                2                   79                  2                   
07:49:01            6124                2                   79                  2                   
07:54:06            6188                2                   80                  2                   
07:59:10            6254                2                   80                  2                   
08:04:11            6314                2                   82                  2                   
08:10:05            6378                2                   82                  2                   
08:15:08            6444                2                   82                  2                   
08:20:15            6518                2                   84                  2                   
08:25:17            6585                2                   84                  2                   
08:30:20            6656                2                   85                  2                   
08:35:21            6735                2                   85                  2                   
08:40:21            6808                2                   85                  2                   
08:45:42            6878                2                   85                  2                   
08:50:45            6938                2                   85                  2                   
08:55:47            7002                2                   86                  2                   
09:00:48            7071                2                   86                  2                   
09:05:52            7132                2                   88                  2                   
09:10:58            7202                2                   88                  2                   
09:16:02            7264                2                   88                  3                   
09:21:02            7322                2                   89                  3                   
09:26:05            7386                2                   89                  3                   
09:31:10            7444                2                   89                  3                   
09:36:11            7515                2                   89                  3                   
09:41:14            7595                2                   89                  3                   
09:46:17            7671                2                   90                  3                   
09:51:22            7746                2                   90                  3                   
09:56:23            7793                2                   90                  3                   
10:02:46            7858                2                   92                  5                   
10:07:48            7910                2                   92                  5                   
10:12:49            7967                2                   92                  5                   
10:17:50            8038                2                   92                  5                   
10:22:50            8111                2                   92                  5                   
10:27:54            8165                2                   92                  6                   
10:32:54            8227                2                   92                  6                   
10:37:59            8293                2                   92                  6                   
10:43:02            8362                2                   92                  6                   
10:48:04            8440                2                   92                  6                   
10:53:07            8522                2                   92                  6                   
10:58:08            8604                2                   93                  6                   
11:03:09            8655                2                   94                  6                   
11:08:12            8721                2                   96                  6                   
11:13:12            8783                2                   97                  6                   
11:18:13            8846                2                   98                  6                   
11:23:15            8901                2                   99                  6                   
11:28:16            8968                2                   99                  6                   
11:33:18            9031                2                   99                  6                   
11:38:21            9108                2                   100                 6                   
11:43:23            9160                2                   100                 6                   
11:48:23            9222                2                   100                 6                   
11:53:24            9296                2                   100                 6                   
11:58:26            9375                2                   100                 6                   
12:03:27            9455                2                   100                 6                   
12:08:28            9533                2                   101                 6                   
12:13:31            9599                2                   101                 6                   
12:18:32            9652                2                   101                 6                   
12:23:36            9718                2                   101                 6                   
12:28:38            9785                2                   101                 6                   
12:33:42            9845                2                   102                 6                   
12:38:47            9892                2                   102                 8                   
12:43:47            9945                2                   102                 8                   
12:48:49            10012               2                   102                 8                   
12:53:50            10071               2                   102                 8                   
12:58:52            10136               2                   102                 8                   
13:03:55            10193               2                   102                 8                   
13:08:57            10268               2                   102                 8                   
13:13:58            10347               2                   103                 8                   
13:19:00            10413               2                   103                 8                   
13:24:03            10490               2                   103                 8                   
13:29:05            10566               2                   103                 8                   
13:34:05            10638               2                   104                 8                   
13:39:10            10707               2                   105                 8                   
13:44:11            10770               2                   106                 8                   
13:49:13            10816               2                   108                 9                   
13:54:13            10872               2                   108                 9                   
13:59:14            10934               2                   108                 9                   
14:04:18            11012               2                   108                 9                   
14:09:18            11065               2                   108                 10                  
14:14:19            11136               2                   108                 10                  
14:19:25            11193               2                   108                 10                  
14:24:25            11250               2                   108                 10                  
14:29:26            11329               2                   108                 10                  
14:34:29            11407               2                   108                 10                  
14:39:31            11482               2                   109                 10                  
14:45:31            11557               2                   109                 10                  
14:50:36            11621               2                   109                 10                  
14:55:38            11683               2                   109                 10                  
15:00:43            11750               2                   109                 10                  
15:05:43            11811               2                   110                 10                  
15:10:44            11867               2                   111                 11                  
15:15:46            11907               2                   111                 11                  
15:21:34            11957               2                   111                 13                  
15:26:35            12010               2                   111                 13                  
15:31:36            12079               2                   111                 13                  
15:36:40            12135               2                   112                 14                  
15:41:43            12201               2                   112                 14                  
15:46:47            12270               2                   112                 14                  
15:51:47            12338               2                   112                 14                  
15:56:48            12421               2                   112                 14                  
16:01:49            12502               2                   113                 14                  
16:06:53            12582               2                   113                 14                  
16:11:57            12635               2                   113                 14                  
16:16:59            12688               2                   114                 14                  
16:22:01            12755               2                   116                 14                  
16:27:02            12821               2                   119                 14                  
16:32:05            12889               2                   119                 14                  
16:37:58            12946               2                   121                 15                  
16:43:01            12998               2                   121                 15                  
16:48:01            13068               2                   121                 15                  
16:53:04            13136               2                   121                 15                  
16:58:05            13211               2                   121                 15                  
17:03:08            13280               2                   121                 15                  
17:08:12            13344               2                   121                 15                  
17:13:15            13411               2                   121                 15                  
17:18:16            13466               2                   121                 15                  
17:23:17            13550               2                   121                 15                  
17:28:19            13629               2                   121                 15                  
17:33:21            13708               2                   121                 15                  
17:38:24            13772               2                   121                 15                  
17:43:25            13837               2                   122                 15                  
17:48:26            13902               2                   122                 15                  
17:53:32            13954               2                   122                 15                  
17:58:35            14021               2                   124                 15                  
18:03:36            14088               2                   125                 15                  
18:09:12            14147               2                   125                 16                  
18:14:19            14212               2                   125                 16                  
18:19:21            14281               2                   125                 16                  
18:24:21            14344               2                   125                 16                  
18:29:52            14390               2                   125                 18                  
18:34:53            14465               2                   126                 18                  
18:39:58            14527               2                   126                 18                  
18:45:02            14592               2                   126                 18                  
18:50:02            14668               2                   126                 18                  
18:55:02            14743               2                   126                 18                  
19:00:03            14829               2                   126                 18                  
19:05:14            14890               2                   126                 18                  
19:10:16            14958               2                   126                 18                  
19:15:18            15018               2                   128                 18                  
19:20:24            15074               2                   129                 18                  
19:25:29            15145               2                   130                 18                  
19:30:59            15189               2                   134                 20                  
19:36:03            15235               2                   134                 20                  
19:41:03            15304               2                   134                 20                  
19:46:05            15351               2                   134                 21                  
19:51:08            15412               2                   134                 21                  
19:56:10            15485               2                   134                 21                  
20:01:12            15560               2                   134                 21                  
20:07:17            15625               2                   134                 22                  
20:12:20            15679               2                   135                 23                  
20:17:22            15745               2                   135                 23                  
20:22:26            15801               2                   135                 23                  
20:27:30            15871               2                   135                 23                  
20:32:32            15952               2                   135                 23                  
20:37:35            16037               2                   135                 23                  
20:42:35            16121               2                   135                 23                  
20:47:37            16173               2                   135                 23                  
20:52:41            16230               2                   136                 23                  
20:57:41            16292               2                   137                 23                  
21:02:41            16351               2                   139                 23                  
21:07:42            16413               2                   139                 23                  
21:12:47            16478               2                   141                 23                  
21:17:50            16534               2                   145                 23                  
21:22:54            16603               2                   145                 23                  
21:29:03            16658               2                   146                 24                  
21:34:07            16721               2                   147                 24                  
21:39:10            16789               2                   147                 24                  
21:44:13            16848               2                   147                 24                  
21:49:15            16901               2                   147                 25                  
21:54:19            16975               2                   147                 25                  
21:59:21            17042               2                   147                 25                  
22:04:23            17108               2                   147                 25                  
22:09:28            17180               2                   147                 25                  
22:14:31            17258               2                   147                 25                  
22:19:33            17338               2                   148                 25                  
22:24:35            17395               2                   148                 25                  
22:29:40            17473               2                   148                 25                  
22:34:45            17530               2                   149                 25                  
22:39:46            17592               2                   149                 25                  
22:44:47            17658               2                   150                 25                  
22:49:47            17729               2                   151                 25                  
22:54:51            17800               2                   153                 25                  
22:59:54            17863               2                   153                 25                  
23:04:58            17893               2                   153                 27                  
23:10:00            17956               2                   153                 27                  
23:15:02            18028               2                   154                 27                  
23:20:06            18085               2                   154                 27                  
23:25:09            18129               2                   154                 28                  
23:30:10            18194               2                   154                 28                  
23:35:14            18262               2                   154                 28                  
23:40:18            18328               2                   155                 28                  
23:45:21            18385               2                   155                 29                  
23:50:25            18428               2                   155                 30                  
23:55:32            18494               2                   155                 30                  
24:00:32            18560               2                   155                 30                  
24:05:36            18638               2                   155                 30                  
24:10:37            18718               2                   155                 30                  
24:15:40            18798               2                   156                 30                  
24:20:44            18884               2                   156                 30                  
24:25:48            18939               2                   156                 30                  
24:30:49            18998               2                   157                 30                  
24:35:50            19059               2                   158                 30                  
24:40:53            19090               2                   158                 32                  
24:45:57            19150               2                   159                 32                  
24:50:58            19228               2                   159                 32                  
24:55:58            19288               2                   160                 32                  
25:01:00            19352               2                   162                 32                  
25:06:00            19413               2                   163                 32                  
25:11:02            19475               2                   165                 32                  
25:16:05            19526               2                   165                 33                  
25:21:09            19587               2                   165                 33                  
25:26:10            19632               2                   165                 34                  
25:31:13            19703               2                   165                 34                  
25:36:16            19769               2                   166                 34                  
25:41:16            19846               2                   166                 34                  
25:46:16            19920               2                   166                 34                  
25:51:20            19986               2                   166                 34                  
25:56:23            20053               2                   166                 34                  
26:01:29            20098               2                   166                 34                  
26:06:30            20176               2                   166                 34                  
26:11:30            20253               2                   166                 34                  
26:16:33            20322               2                   166                 34                  
26:21:37            20402               2                   166                 34                  
26:26:41            20476               2                   166                 34                  
26:31:45            20535               2                   166                 34                  
26:36:49            20589               2                   168                 34                  
26:41:52            20642               2                   168                 34                  
26:46:53            20701               2                   168                 34                  
26:51:56            20775               2                   168                 34                  
26:56:57            20841               2                   168                 34                  
27:02:01            20902               2                   169                 34                  
27:08:08            20962               2                   169                 36                  
27:13:11            21008               2                   170                 36                  
27:18:15            21072               2                   171                 36                  
27:23:17            21138               2                   172                 36                  
27:28:17            21201               2                   172                 36                  
27:33:22            21249               2                   172                 37                  
27:38:43            21299               2                   172                 38                  
27:43:44            21371               2                   172                 38                  
27:48:50            21449               2                   172                 38                  
27:53:53            21520               2                   172                 38                  
27:58:56            21574               2                   172                 39                  
28:03:57            21645               2                   172                 39                  
28:08:58            21707               2                   172                 39                  
28:14:00            21776               2                   172                 39                  
28:19:01            21855               2                   172                 39                  
28:24:02            21937               2                   172                 39                  
28:29:08            22016               2                   172                 39                  
28:34:09            22075               2                   172                 39                  
28:39:10            22137               2                   172                 39                  
28:44:12            22192               2                   172                 39                  
28:49:13            22262               2                   172                 39                  
28:54:13            22323               2                   172                 39                  
28:59:13            22388               2                   172                 39                  
29:04:15            22460               2                   172                 39                  
29:09:16            22517               2                   173                 40                  
29:14:22            22547               2                   173                 41                  
29:19:25            22609               2                   173                 41                  
29:25:35            22651               2                   174                 43                  
29:30:38            22719               2                   175                 43                  
29:35:39            22784               2                   175                 43                  
29:41:02            22836               2                   176                 44                  
29:46:45            22887               2                   176                 45                  
29:51:47            22937               2                   176                 45                  
29:57:54            22985               2                   176                 47                  
30:02:58            23056               2                   176                 47                  
30:07:58            23125               2                   176                 47                  
30:12:59            23198               2                   176                 47                  
30:18:06            23266               2                   177                 47                  
30:23:09            23327               2                   177                 47                  
30:28:15            23394               2                   177                 47                  
30:33:18            23471               2                   177                 47                  
30:38:21            23530               2                   177                 47                  
30:43:23            23616               2                   177                 47                  
30:48:24            23702               2                   178                 47                  
30:53:27            23768               2                   178                 47                  
30:58:33            23828               2                   178                 47                  
31:03:35            23887               2                   178                 47                  
31:08:42            23955               2                   178                 47                  
31:13:44            24007               2                   178                 47                  
31:18:46            24089               2                   178                 47                  
31:24:04            24140               2                   179                 48                  
31:29:09            24186               2                   181                 49                  
31:34:12            24244               2                   183                 49                  
31:39:14            24310               2                   184                 49                  
31:44:16            24380               2                   184                 49                  
31:49:18            24438               2                   184                 49                  
31:54:21            24501               2                   184                 49                  
31:59:25            24566               2                   185                 49                  
32:04:25            24614               2                   185                 50                  
32:09:28            24668               2                   185                 50                  
32:15:33            24727               2                   185                 51                  
32:20:35            24798               2                   185                 51                  
32:25:37            24877               2                   185                 51                  
32:30:52            24934               2                   185                 52                  
32:35:55            25002               2                   186                 52                  
32:40:57            25066               2                   186                 52                  
32:45:57            25133               2                   186                 52                  
32:50:59            25216               2                   186                 52                  
32:56:01            25296               2                   186                 52                  
33:01:03            25374               2                   186                 52                  
33:06:07            25436               2                   186                 52                  
33:11:10            25508               2                   186                 52                  
33:16:13            25569               2                   186                 52                  
33:21:19            25635               2                   186                 52                  
33:26:22            25699               2                   186                 52                  
33:31:24            25753               2                   187                 52                  
33:36:24            25830               2                   187                 52                  
33:41:25            25899               2                   187                 52                  
33:46:36            25938               2                   187                 53                  
33:51:38            25986               2                   188                 53                  
33:56:41            26015               2                   190                 55                  
34:02:54            26064               2                   190                 57                  
34:07:58            26131               2                   190                 57                  
34:12:58            26193               2                   191                 57                  
34:18:00            26249               2                   191                 57                  
34:23:03            26315               2                   191                 57                  
34:28:06            26377               2                   191                 57                  
34:33:12            26422               2                   191                 58                  
34:38:13            26488               2                   191                 58                  
34:43:15            26561               2                   192                 58                  
34:48:16            26635               2                   192                 58                  
34:53:20            26707               2                   192                 58                  
34:58:21            26779               2                   192                 58                  
35:03:26            26847               2                   193                 58                  
35:08:29            26895               2                   193                 58                  
35:13:31            26964               2                   193                 58                  
35:18:35            27041               2                   194                 58                  
35:23:40            27124               2                   194                 58                  
35:28:43            27202               2                   194                 58                  
35:33:48            27282               2                   194                 58                  
35:38:50            27337               2                   194                 58                  
35:43:53            27390               2                   194                 58                  
35:48:54            27443               2                   194                 58                  
35:53:58            27503               2                   194                 58                  
35:59:01            27566               2                   194                 58                  
36:04:01            27642               2                   194                 58                  
36:09:05            27714               2                   194                 58                  
36:14:25            27763               2                   196                 60                  
36:19:27            27812               2                   197                 60                  
36:24:29            27855               2                   197                 61                  
36:29:31            27919               2                   198                 61                  
36:34:32            27978               2                   199                 61                  
36:39:36            28039               2                   200                 61                  
36:44:39            28100               2                   200                 61                  
36:49:43            28160               2                   200                 61                  
36:54:44            28226               2                   200                 61                  
36:59:45            28275               2                   200                 62                  
37:04:46            28328               2                   200                 62                  
37:09:49            28395               2                   201                 62                  
37:14:50            28463               2                   201                 62                  
37:19:53            28533               2                   201                 62                  
37:24:54            28598               2                   201                 62                  
37:29:55            28664               2                   201                 62                  
37:34:58            28727               2                   201                 62                  
37:39:59            28773               2                   202                 62                  
37:45:02            28843               2                   202                 62                  
37:50:04            28927               2                   202                 62                  
37:55:07            29011               2                   202                 62                  
38:00:08            29078               2                   202                 62                  
38:05:11            29160               2                   202                 62                  
38:10:11            29217               2                   202                 62                  
38:15:12            29271               2                   202                 62                  
38:20:20            29331               2                   203                 62                  
38:25:27            29378               2                   203                 62                  
38:30:29            29434               2                   203                 62                  
38:35:34            29499               2                   204                 62                  
38:40:37            29568               2                   204                 62                  
38:45:37            29632               2                   204                 62                  
38:51:44            29679               2                   206                 65                  
38:56:44            29713               2                   206                 66                  
39:01:47            29771               2                   208                 66                  
39:06:56            29804               2                   210                 68                  
39:11:58            29869               2                   211                 68                  
39:17:02            29932               2                   211                 68                  
39:22:08            29995               2                   212                 68                  
39:27:12            30060               2                   212                 68                  
39:32:13            30132               2                   213                 68                  
39:37:36            30185               2                   213                 69                  
39:42:40            30240               2                   213                 69                  
39:47:40            30305               2                   213                 69                  
39:52:41            30381               2                   213                 69                  
39:57:41            30461               2                   213                 69                  
40:02:45            30535               2                   213                 69                  
40:07:46            30608               2                   213                 69                  
40:12:47            30672               2                   213                 69                  
40:17:49            30717               2                   213                 69                  
40:22:52            30784               2                   213                 69                  
40:27:53            30856               2                   213                 69                  
40:32:53            30939               2                   213                 69                  
40:37:55            31025               2                   213                 69                  
40:42:56            31102               2                   213                 69                  
40:47:59            31169               2                   213                 69                  
40:53:00            31221               2                   213                 69                  
40:58:03            31280               2                   213                 69                  
41:03:04            31345               2                   213                 69                  
41:08:08            31406               2                   213                 69                  
41:13:11            31474               2                   213                 69                  
41:18:12            31550               2                   213                 69                  
41:23:13            31613               2                   213                 69                  
41:29:07            31676               2                   213                 71                  
41:34:08            31719               2                   213                 71                  
41:39:08            31779               2                   213                 71                  
41:44:12            31849               2                   214                 71                  
41:49:12            31912               2                   215                 71                  
41:54:16            31958               2                   222                 72                  
41:59:20            32022               2                   222                 72                  
42:04:22            32083               2                   222                 72                  
42:09:22            32146               2                   222                 72                  
42:14:23            32203               2                   222                 72                  
42:19:25            32272               2                   222                 72                  
42:24:31            32316               2                   222                 73                  
42:29:38            32378               2                   222                 73                  
42:34:41            32445               2                   223                 73                  
42:39:42            32516               2                   223                 73                  
42:44:44            32582               2                   223                 73                  
42:49:45            32648               2                   223                 73                  
42:54:45            32710               2                   224                 73                  
42:59:48            32768               2                   224                 73                  
43:04:49            32811               2                   224                 73                  
43:09:52            32877               2                   224                 73                  
43:14:55            32945               2                   224                 73                  
43:19:58            33023               2                   224                 73                  
43:24:58            33097               2                   224                 73                  
43:29:59            33179               2                   224                 73                  
43:35:00            33248               2                   224                 73                  
43:40:02            33293               2                   224                 73                  
43:45:05            33344               2                   224                 73                  
43:50:06            33405               2                   225                 73                  
43:55:08            33461               2                   225                 73                  
44:00:10            33528               2                   225                 73                  
44:05:12            33603               2                   225                 73                  
44:10:15            33669               2                   226                 73                  
44:15:21            33736               2                   227                 73                  
44:20:21            33781               2                   228                 73                  
44:25:38            33812               2                   228                 75                  
44:30:40            33868               2                   229                 75                  
44:35:43            33901               2                   229                 77                  
44:41:18            33957               2                   229                 78                  
44:46:22            34020               2                   229                 78                  
44:51:25            34085               2                   231                 78                  
44:56:30            34148               2                   235                 78                  
45:01:35            34204               2                   236                 78                  
45:06:36            34280               2                   236                 78                  
45:11:39            34344               2                   236                 78                  
45:16:41            34393               2                   238                 79                  
45:21:58            34441               2                   238                 80                  
45:27:01            34500               2                   238                 80                  
45:32:04            34574               2                   238                 80                  
45:37:06            34650               2                   238                 80                  
45:42:09            34710               2                   238                 80                  
45:47:09            34779               2                   239                 80                  
45:52:12            34848               2                   239                 80                  
45:57:16            34912               2                   239                 80                  
46:02:18            34966               2                   239                 80                  
46:07:22            35039               2                   239                 80                  
46:12:24            35121               2                   239                 80                  
46:17:27            35196               2                   239                 80                  
46:22:28            35275               2                   240                 80                  
46:27:29            35354               2                   240                 80                  
46:32:31            35425               2                   240                 80                  
46:37:33            35472               2                   240                 80                  
46:42:36            35527               2                   240                 80                  
46:47:36            35591               2                   240                 80                  
46:52:39            35650               2                   240                 80                  
46:57:39            35718               2                   240                 80                  
47:02:40            35799               2                   240                 80                  
47:07:41            35863               2                   240                 80                  
47:12:44            35927               2                   240                 80                  
47:18:47            35973               2                   242                 82                  
47:23:51            36021               2                   242                 82                  
47:28:58            36088               2                   242                 82                  
47:34:03            36140               2                   242                 83                  
47:39:33            36193               2                   245                 84                  
47:44:37            36225               2                   245                 86                  
47:49:37            36289               2                   248                 86                  
47:54:58            36308               2                   251                 89                  
47:59:59            36372               2                   252                 89                  
48:05:00            36432               2                   254                 89                  
48:10:05            36487               2                   255                 89                  
48:15:06            36544               2                   256                 89                  
48:20:12            36589               2                   256                 90                  
48:25:14            36652               2                   260                 90                  
48:30:18            36715               2                   261                 90                  
48:35:18            36762               2                   261                 91                  
48:40:19            36822               2                   261                 91                  
48:45:21            36889               2                   261                 91                  
48:50:24            36957               2                   261                 91                  
48:55:29            37031               2                   261                 91                  
49:00:32            37101               2                   261                 91                  
49:05:33            37146               2                   261                 92                  
49:10:36            37199               2                   261                 93                  
49:15:38            37268               2                   261                 93                  
49:20:41            37333               2                   261                 93                  
49:25:44            37413               2                   261                 93                  
49:30:46            37494               2                   261                 93                  
49:35:51            37569               2                   261                 93                  
49:40:53            37647               2                   261                 93                  
49:45:56            37706               2                   261                 93                  
49:51:03            37760               2                   261                 93                  
49:56:06            37816               2                   261                 93                  
50:01:08            37878               2                   261                 93                  
50:06:09            37941               2                   261                 93                  
50:11:12            38000               2                   261                 93                  
50:16:17            38077               2                   261                 93                  
50:21:19            38146               2                   261                 93                  
50:26:57            38165               2                   261                 95                  
50:32:01            38225               2                   263                 95                  
50:38:07            38286               2                   264                 97                  
50:44:16            38327               2                   264                 98                  
50:49:23            38378               2                   264                 98                  
50:54:30            38415               2                   264                 100                 
50:59:11            38459               2                   264                 100                 
