Time                Round               Mutate stage        Coverage            Crash found         
00:00:13            1                   0                   1                   0                   
00:05:27            21                  0                   5                   0                   
00:10:39            42                  0                   6                   0                   
00:15:40            63                  0                   10                  0                   
00:20:44            84                  0                   11                  0                   
00:25:44            105                 0                   13                  0                   
00:30:57            127                 0                   13                  0                   
00:36:10            149                 0                   15                  0                   
00:41:11            170                 0                   19                  0                   
00:46:17            191                 0                   20                  0                   
00:51:31            213                 0                   22                  0                   
00:56:36            234                 0                   22                  0                   
01:01:38            255                 0                   22                  0                   
01:06:41            276                 0                   25                  0                   
01:11:46            297                 0                   27                  0                   
01:16:59            319                 0                   31                  0                   
01:21:59            340                 0                   31                  0                   
01:27:05            361                 0                   33                  0                   
01:32:18            383                 0                   34                  0                   
01:37:27            404                 0                   34                  0                   
01:42:36            426                 0                   35                  0                   
01:47:39            447                 0                   36                  0                   
01:52:45            468                 0                   36                  0                   
01:57:59            490                 0                   37                  0                   
02:03:12            507                 0                   37                  0                   
02:08:13            528                 0                   37                  0                   
02:13:25            550                 0                   38                  0                   
02:18:37            572                 0                   39                  0                   
02:23:47            594                 0                   42                  0                   
02:28:55            614                 0                   43                  0                   
02:34:06            636                 0                   43                  0                   
02:39:08            657                 0                   44                  0                   
02:44:11            678                 0                   44                  0                   
02:49:11            699                 0                   44                  0                   
02:54:12            720                 0                   46                  0                   
02:59:26            742                 0                   47                  0                   
03:04:30            763                 0                   47                  0                   
03:09:44            785                 0                   49                  0                   
03:14:55            807                 0                   53                  0                   
03:20:02            829                 0                   54                  0                   
03:25:12            851                 0                   58                  0                   
03:30:15            872                 0                   58                  0                   
03:35:22            893                 0                   58                  0                   
03:40:29            915                 0                   58                  0                   
03:45:41            937                 0                   60                  0                   
03:50:53            959                 0                   60                  0                   
03:55:56            980                 0                   61                  0                   
04:01:55            1000                0                   63                  0                   
04:07:05            1022                0                   63                  0                   
04:12:07            1043                0                   64                  0                   
04:17:20            1064                0                   66                  0                   
04:22:21            1084                0                   66                  0                   
04:27:31            1106                0                   67                  0                   
04:32:43            1128                0                   67                  0                   
04:37:50            1149                0                   69                  0                   
04:42:57            1170                0                   69                  0                   
04:47:59            1191                0                   72                  0                   
04:53:13            1213                0                   73                  0                   
04:58:14            1234                0                   76                  0                   
05:03:15            1255                0                   77                  0                   
05:08:17            1276                0                   77                  0                   
05:13:19            1297                0                   77                  0                   
05:18:31            1319                0                   77                  0                   
05:23:33            1340                0                   78                  0                   
05:28:45            1362                0                   78                  0                   
05:33:52            1383                0                   78                  0                   
05:38:52            1404                0                   79                  0                   
05:43:53            1425                0                   83                  0                   
05:48:55            1446                0                   84                  0                   
05:53:55            1467                0                   84                  0                   
05:58:57            1488                0                   85                  0                   
06:04:10            1505                0                   85                  0                   
06:09:10            1526                0                   85                  0                   
06:14:13            1547                0                   87                  0                   
06:19:22            1569                0                   89                  0                   
06:24:36            1591                0                   90                  0                   
06:29:44            1612                0                   90                  0                   
06:34:45            1633                0                   91                  0                   
06:39:52            1654                0                   93                  0                   
06:44:59            1675                0                   95                  0                   
06:50:12            1697                0                   95                  0                   
06:55:13            1718                0                   96                  0                   
07:00:18            1739                0                   96                  0                   
07:05:20            1760                0                   96                  0                   
07:10:26            1781                0                   96                  0                   
07:15:37            1803                0                   96                  0                   
07:20:51            1825                1                   96                  0                   
07:25:54            1846                1                   96                  0                   
07:31:06            1867                1                   96                  0                   
07:36:10            1888                1                   96                  0                   
07:41:19            1909                1                   97                  0                   
07:46:21            1930                1                   99                  0                   
07:51:31            1951                1                   100                 0                   
07:56:37            1972                1                   100                 0                   
08:01:45            1993                1                   100                 0                   
08:06:46            2009                1                   100                 0                   
08:11:57            2030                1                   100                 0                   
08:17:03            2051                1                   100                 0                   
08:22:13            2070                1                   101                 0                   
08:27:18            2091                1                   102                 0                   
08:32:23            2112                1                   104                 0                   
08:37:24            2133                1                   105                 0                   
08:42:27            2154                1                   105                 0                   
08:47:27            2175                1                   105                 0                   
08:52:31            2196                1                   105                 0                   
08:57:34            2217                1                   105                 0                   
09:02:37            2238                1                   105                 0                   
09:07:41            2259                1                   105                 0                   
09:12:47            2279                1                   105                 0                   
09:18:01            2301                1                   106                 0                   
09:23:13            2323                1                   106                 0                   
09:28:16            2344                1                   106                 0                   
09:33:21            2365                1                   106                 0                   
09:38:35            2387                1                   106                 0                   
09:43:44            2408                1                   107                 0                   
09:48:48            2429                1                   108                 0                   
09:53:51            2450                1                   108                 0                   
09:59:00            2471                1                   109                 0                   
10:04:04            2492                1                   110                 0                   
10:09:05            2508                1                   110                 0                   
10:14:18            2530                1                   110                 0                   
10:19:19            2551                1                   110                 0                   
10:24:20            2572                1                   110                 0                   
10:29:35            2594                1                   111                 0                   
10:34:36            2615                1                   111                 0                   
10:39:41            2636                1                   111                 0                   
10:44:42            2656                1                   112                 0                   
10:49:43            2677                1                   113                 0                   
10:54:47            2698                1                   113                 0                   
11:00:01            2720                1                   113                 0                   
11:05:05            2741                1                   113                 0                   
11:10:05            2762                1                   114                 0                   
11:15:08            2783                1                   115                 0                   
11:20:22            2805                1                   116                 0                   
11:25:24            2826                1                   116                 0                   
11:30:37            2848                1                   116                 0                   
11:35:51            2870                1                   116                 0                   
11:41:01            2891                1                   116                 0                   
11:46:03            2912                1                   116                 0                   
11:51:04            2933                1                   116                 0                   
11:56:19            2955                1                   116                 0                   
12:01:21            2976                1                   118                 0                   
12:06:23            2997                1                   118                 0                   
12:11:24            3013                1                   118                 0                   
12:16:28            3034                1                   118                 0                   
12:21:36            3055                1                   120                 0                   
12:26:37            3076                1                   120                 0                   
12:31:41            3097                1                   121                 0                   
12:36:43            3118                1                   122                 0                   
12:41:43            3139                1                   122                 0                   
12:46:56            3161                1                   122                 0                   
12:52:05            3182                1                   123                 0                   
12:57:09            3203                1                   125                 0                   
13:02:11            3224                1                   125                 0                   
13:07:12            3245                1                   126                 0                   
13:12:13            3266                1                   128                 0                   
13:17:14            3287                1                   129                 0                   
13:22:15            3308                1                   129                 0                   
13:27:19            3329                1                   130                 0                   
13:32:21            3350                1                   131                 0                   
13:37:26            3371                1                   131                 0                   
13:42:28            3392                1                   131                 0                   
13:47:30            3413                1                   132                 0                   
13:52:31            3434                1                   133                 0                   
13:57:44            3456                1                   133                 0                   
14:02:44            3477                1                   134                 0                   
14:07:44            3498                1                   135                 0                   
14:12:51            3514                1                   136                 0                   
14:18:04            3536                1                   138                 0                   
14:23:04            3557                1                   139                 0                   
14:28:16            3579                1                   139                 0                   
14:33:17            3600                1                   139                 0                   
14:38:18            3621                1                   140                 0                   
14:43:19            3642                1                   140                 0                   
14:48:22            3661                1                   141                 0                   
14:53:22            3682                1                   143                 0                   
14:58:24            3703                1                   143                 0                   
15:03:25            3724                1                   143                 0                   
15:08:28            3745                1                   143                 0                   
15:13:28            3766                1                   143                 0                   
15:18:30            3787                1                   143                 0                   
15:23:31            3808                1                   144                 0                   
15:28:31            3829                1                   144                 0                   
15:33:34            3850                1                   146                 0                   
15:38:34            3871                1                   146                 0                   
15:43:35            3892                1                   146                 0                   
15:48:36            3913                1                   147                 0                   
15:53:38            3934                1                   147                 0                   
15:58:38            3955                1                   148                 0                   
16:03:41            3976                1                   148                 0                   
16:08:46            3996                1                   149                 0                   
16:13:48            4012                1                   149                 0                   
16:19:02            4034                1                   149                 0                   
16:24:17            4056                1                   149                 0                   
16:29:19            4077                1                   149                 0                   
16:34:20            4098                1                   149                 0                   
16:39:25            4119                1                   151                 0                   
16:44:28            4140                1                   152                 0                   
16:49:40            4162                1                   152                 0                   
16:54:43            4183                1                   152                 0                   
16:59:45            4204                1                   152                 0                   
17:04:46            4225                1                   152                 0                   
17:09:52            4246                1                   152                 0                   
17:14:57            4267                1                   152                 0                   
17:20:10            4288                1                   153                 0                   
17:25:13            4309                1                   154                 0                   
17:30:13            4330                1                   154                 0                   
17:35:26            4352                1                   154                 0                   
17:40:28            4373                1                   155                 0                   
17:45:30            4394                1                   155                 0                   
17:50:30            4415                1                   156                 0                   
17:55:39            4436                1                   158                 0                   
18:00:40            4457                1                   159                 0                   
18:05:41            4478                1                   159                 0                   
18:10:45            4499                1                   160                 0                   
18:15:46            4515                1                   160                 0                   
18:20:48            4536                1                   160                 0                   
18:25:49            4557                1                   161                 0                   
18:30:51            4578                1                   161                 0                   
18:35:53            4599                1                   162                 0                   
18:40:53            4620                1                   164                 0                   
18:46:08            4642                1                   165                 0                   
18:51:09            4663                1                   166                 0                   
18:56:23            4685                1                   166                 0                   
19:01:26            4706                1                   166                 0                   
19:06:28            4727                1                   166                 0                   
19:11:42            4749                1                   166                 0                   
19:16:44            4770                1                   168                 0                   
19:21:44            4791                1                   169                 0                   
19:26:45            4812                1                   169                 0                   
19:31:47            4833                1                   169                 0                   
19:37:00            4855                1                   169                 0                   
19:42:14            4876                1                   169                 0                   
19:47:21            4897                1                   170                 0                   
19:52:27            4918                1                   170                 0                   
19:57:40            4940                1                   172                 0                   
20:02:41            4961                1                   172                 0                   
20:07:42            4982                1                   174                 0                   
20:13:10            5000                1                   174                 0                   
20:18:12            5021                1                   175                 0                   
20:23:17            5042                1                   175                 0                   
20:28:24            5063                1                   175                 0                   
20:33:31            5084                1                   178                 0                   
20:38:35            5105                1                   178                 0                   
20:43:36            5126                1                   178                 0                   
20:48:40            5147                1                   178                 0                   
20:53:40            5168                1                   179                 0                   
20:58:42            5189                1                   179                 0                   
21:03:44            5210                1                   179                 0                   
21:08:52            5232                1                   179                 0                   
21:13:56            5253                1                   181                 0                   
21:19:08            5274                1                   183                 0                   
21:24:09            5295                1                   184                 0                   
21:29:11            5316                1                   184                 0                   
21:34:25            5338                1                   184                 0                   
21:39:26            5359                1                   185                 0                   
21:44:40            5381                1                   186                 0                   
21:49:40            5402                1                   188                 0                   
21:54:49            5423                1                   188                 0                   
21:59:50            5444                1                   189                 0                   
22:05:03            5465                1                   190                 0                   
22:10:09            5485                1                   190                 0                   
22:15:15            5501                1                   190                 0                   
22:20:22            5522                1                   190                 0                   
22:25:25            5543                1                   190                 0                   
22:30:35            5564                1                   190                 0                   
22:35:38            5585                1                   190                 0                   
22:40:40            5606                1                   190                 0                   
22:45:45            5627                1                   190                 0                   
22:50:55            5649                1                   190                 0                   
22:56:00            5670                1                   191                 0                   
23:01:08            5691                1                   192                 0                   
23:06:11            5712                1                   192                 0                   
23:11:18            5733                1                   192                 0                   
23:16:26            5754                1                   194                 0                   
23:21:32            5775                1                   194                 0                   
23:26:36            5796                1                   194                 0                   
23:31:42            5817                1                   194                 0                   
23:36:55            5839                1                   194                 0                   
23:41:57            5860                1                   194                 0                   
23:47:06            5881                1                   195                 0                   
23:52:08            5902                1                   195                 0                   
23:57:11            5923                1                   195                 0                   
24:02:19            5944                1                   196                 0                   
24:07:26            5965                1                   196                 0                   
24:12:31            5986                1                   197                 0                   
24:17:37            6002                1                   197                 0                   
24:22:44            6023                1                   197                 0                   
24:27:46            6044                1                   198                 0                   
24:32:46            6065                1                   199                 0                   
24:37:48            6086                1                   199                 0                   
24:42:54            6107                1                   199                 0                   
24:48:00            6128                1                   200                 0                   
24:53:02            6149                1                   200                 0                   
24:58:03            6170                1                   200                 0                   
25:03:10            6190                1                   200                 0                   
25:08:18            6211                1                   202                 0                   
25:13:34            6232                1                   203                 0                   
25:18:38            6253                1                   203                 0                   
25:23:50            6274                1                   205                 0                   
25:28:58            6295                1                   206                 0                   
25:34:07            6316                1                   206                 0                   
25:39:12            6337                1                   206                 0                   
25:44:19            6358                1                   207                 0                   
25:49:25            6379                1                   208                 0                   
25:54:27            6400                1                   208                 0                   
25:59:40            6422                1                   208                 0                   
26:04:47            6443                1                   208                 0                   
26:09:49            6464                1                   208                 0                   
26:15:01            6486                1                   209                 0                   
26:20:02            6502                1                   210                 0                   
26:25:15            6523                1                   210                 0                   
26:30:20            6544                1                   211                 0                   
26:35:31            6565                1                   211                 0                   
26:40:42            6586                1                   211                 0                   
26:45:45            6607                1                   211                 0                   
26:50:54            6628                1                   212                 0                   
26:55:59            6649                1                   213                 0                   
27:01:08            6670                1                   213                 0                   
27:06:10            6691                1                   213                 0                   
27:11:19            6712                1                   213                 0                   
27:16:19            6733                1                   213                 0                   
27:21:25            6754                1                   213                 0                   
27:26:31            6775                1                   213                 0                   
27:31:33            6796                1                   215                 0                   
27:36:47            6816                1                   218                 0                   
27:41:50            6837                1                   218                 0                   
27:46:55            6858                1                   218                 0                   
27:52:02            6879                1                   218                 0                   
27:57:11            6900                1                   218                 0                   
28:02:20            6921                1                   218                 0                   
28:07:25            6942                1                   219                 0                   
28:12:37            6963                1                   219                 0                   
28:17:41            6984                1                   219                 0                   
28:22:53            7001                1                   220                 0                   
28:27:57            7022                1                   220                 0                   
28:33:03            7043                1                   220                 0                   
28:38:15            7064                1                   221                 0                   
28:43:19            7085                1                   221                 0                   
28:48:31            7107                1                   222                 0                   
28:53:39            7128                1                   222                 0                   
28:58:50            7149                1                   222                 0                   
29:03:51            7170                1                   223                 0                   
29:08:58            7191                1                   224                 0                   
29:14:03            7212                1                   224                 0                   
29:19:06            7233                1                   224                 0                   
29:24:06            7254                1                   224                 0                   
29:29:19            7276                1                   224                 0                   
29:34:21            7297                1                   224                 0                   
29:39:33            7318                1                   224                 0                   
29:44:48            7340                1                   224                 0                   
29:50:01            7361                1                   224                 0                   
29:55:03            7381                1                   225                 0                   
30:00:06            7402                1                   225                 0                   
30:05:17            7423                1                   226                 0                   
30:10:25            7444                1                   227                 0                   
30:15:29            7465                1                   227                 0                   
30:20:34            7486                1                   227                 0                   
30:25:42            7502                1                   228                 0                   
30:30:42            7522                1                   229                 0                   
30:35:43            7543                1                   229                 0                   
30:40:49            7564                1                   229                 0                   
30:45:55            7585                1                   229                 0                   
30:51:08            7606                1                   229                 0                   
30:56:21            7627                1                   229                 0                   
31:01:30            7647                1                   229                 0                   
31:06:34            7668                1                   230                 0                   
31:11:39            7689                1                   230                 0                   
31:16:44            7710                1                   232                 0                   
31:21:48            7731                1                   232                 0                   
31:26:51            7752                1                   232                 0                   
31:32:03            7773                1                   233                 0                   
31:37:06            7794                1                   233                 0                   
31:42:08            7814                1                   234                 0                   
31:47:23            7836                1                   234                 0                   
31:52:25            7857                1                   237                 0                   
31:57:34            7878                1                   237                 0                   
32:02:36            7899                1                   237                 0                   
32:07:48            7920                1                   238                 0                   
32:12:52            7941                1                   238                 0                   
32:17:57            7962                1                   239                 0                   
32:23:11            7983                1                   239                 0                   
32:28:30            8000                1                   239                 0                   
32:33:37            8020                1                   240                 0                   
32:38:52            8041                1                   241                 0                   
32:44:04            8062                1                   242                 0                   
32:49:08            8083                1                   243                 0                   
32:54:12            8103                1                   245                 0                   
32:59:24            8124                1                   248                 0                   
33:04:31            8145                1                   249                 0                   
33:09:39            8166                1                   249                 0                   
33:14:44            8187                1                   249                 0                   
33:19:52            8208                1                   250                 0                   
33:24:55            8229                1                   252                 0                   
33:30:04            8250                1                   252                 0                   
33:35:13            8271                1                   252                 0                   
33:40:27            8292                1                   252                 0                   
33:45:27            8313                1                   252                 0                   
33:50:32            8334                1                   253                 0                   
33:55:44            8355                1                   254                 0                   
34:00:45            8376                1                   254                 0                   
34:05:55            8397                1                   254                 0                   
34:10:57            8418                1                   254                 0                   
34:16:05            8439                1                   255                 0                   
34:21:12            8460                1                   256                 0                   
34:26:18            8481                1                   256                 0                   
34:32:23            8500                1                   256                 0                   
34:37:31            8521                1                   256                 0                   
34:42:37            8542                1                   256                 0                   
34:47:47            8563                1                   257                 0                   
34:53:01            8585                1                   257                 0                   
34:58:14            8606                1                   257                 0                   
35:03:17            8627                1                   258                 0                   
35:08:23            8648                1                   259                 0                   
35:13:33            8669                1                   261                 0                   
35:18:40            8690                1                   262                 0                   
35:23:47            8711                1                   262                 0                   
35:28:50            8732                1                   263                 0                   
35:33:59            8753                1                   263                 0                   
35:39:12            8774                1                   264                 0                   
35:44:18            8795                1                   264                 0                   
35:49:31            8816                1                   268                 0                   
35:54:36            8837                1                   268                 0                   
35:59:49            8859                1                   270                 0                   
36:04:51            8880                1                   270                 0                   
36:10:00            8901                1                   271                 0                   
36:15:03            8922                1                   271                 0                   
36:20:11            8943                1                   272                 0                   
36:25:23            8964                1                   274                 0                   
36:30:26            8985                1                   275                 0                   
36:35:27            9001                1                   275                 0                   
36:40:30            9022                1                   276                 0                   
36:45:41            9043                1                   276                 0                   
36:50:50            9064                1                   276                 0                   
36:55:55            9084                1                   276                 0                   
37:01:08            9105                1                   276                 0                   
37:06:19            9126                1                   277                 0                   
37:11:25            9147                1                   278                 0                   
37:16:30            9168                1                   278                 0                   
37:21:37            9188                1                   278                 0                   
37:26:41            9209                1                   280                 0                   
37:31:51            9230                1                   280                 0                   
37:36:55            9251                1                   280                 0                   
37:42:05            9272                1                   280                 0                   
37:47:13            9293                1                   280                 0                   
37:52:16            9314                1                   281                 0                   
37:57:24            9335                1                   282                 0                   
38:02:28            9356                1                   282                 0                   
38:07:37            9377                1                   282                 0                   
38:12:38            9398                1                   282                 0                   
38:17:51            9419                1                   283                 0                   
38:22:56            9440                1                   283                 0                   
38:28:02            9461                1                   284                 0                   
38:33:12            9482                1                   286                 0                   
38:38:45            9500                1                   288                 0                   
38:43:50            9521                1                   288                 0                   
38:48:55            9542                1                   290                 0                   
38:54:05            9563                1                   290                 0                   
38:59:10            9584                1                   290                 0                   
39:04:14            9605                1                   290                 0                   
39:09:19            9626                1                   290                 0                   
39:14:26            9647                1                   290                 0                   
39:19:39            9668                1                   291                 0                   
39:24:51            9689                1                   293                 0                   
39:29:54            9710                1                   295                 0                   
39:34:57            9731                1                   295                 0                   
39:40:06            9752                1                   295                 0                   
39:45:09            9773                1                   295                 0                   
39:50:17            9794                1                   296                 0                   
39:55:21            9815                1                   297                 0                   
40:00:29            9836                1                   297                 0                   
40:05:38            9857                1                   298                 0                   
40:10:48            9877                1                   300                 0                   
40:15:56            9897                1                   301                 0                   
40:20:56            9918                1                   301                 0                   
40:26:06            9939                1                   301                 0                   
40:31:10            9960                1                   301                 0                   
40:36:19            9981                1                   301                 0                   
40:42:03            10000               1                   302                 0                   
40:47:08            10021               1                   302                 0                   
40:52:10            10042               1                   302                 0                   
40:57:21            10063               1                   302                 0                   
41:02:27            10084               1                   303                 0                   
41:07:32            10105               1                   303                 0                   
41:12:46            10126               1                   303                 0                   
41:17:50            10147               1                   303                 0                   
41:22:59            10168               1                   304                 0                   
41:28:02            10189               1                   304                 0                   
41:33:12            10210               1                   304                 0                   
41:38:14            10231               1                   304                 0                   
41:43:24            10252               1                   304                 0                   
41:48:28            10273               1                   304                 0                   
41:53:37            10294               1                   304                 0                   
41:58:41            10315               1                   306                 0                   
42:03:46            10336               1                   306                 0                   
42:08:57            10357               1                   306                 0                   
42:14:02            10378               1                   306                 0                   
42:19:10            10399               1                   306                 0                   
42:24:12            10420               1                   306                 0                   
42:29:25            10441               1                   306                 0                   
42:34:27            10462               1                   306                 0                   
42:39:39            10483               1                   306                 0                   
42:45:00            10500               1                   306                 0                   
42:50:08            10520               1                   308                 0                   
42:55:16            10541               1                   309                 0                   
43:00:29            10561               1                   309                 0                   
43:05:29            10581               1                   310                 0                   
43:10:33            10602               1                   310                 0                   
43:15:39            10623               1                   310                 0                   
43:20:48            10644               1                   311                 0                   
43:25:55            10665               1                   312                 0                   
43:31:01            10686               1                   312                 0                   
43:36:11            10707               1                   312                 0                   
43:41:14            10728               1                   312                 0                   
43:46:24            10749               1                   312                 0                   
43:51:37            10771               1                   314                 0                   
43:56:41            10791               1                   315                 0                   
44:01:56            10813               1                   316                 0                   
44:07:02            10834               1                   316                 0                   
44:12:07            10855               1                   316                 0                   
44:17:19            10876               1                   318                 0                   
44:22:28            10897               1                   318                 0                   
44:27:41            10918               1                   319                 0                   
44:32:52            10939               1                   319                 0                   
44:37:55            10960               1                   319                 0                   
44:43:01            10981               1                   319                 0                   
44:48:49            11000               1                   319                 0                   
44:54:01            11021               1                   319                 0                   
44:59:02            11042               1                   320                 0                   
45:04:07            11063               1                   320                 0                   
45:09:16            11084               1                   320                 0                   
45:14:26            11104               1                   321                 0                   
45:19:27            11124               1                   321                 0                   
45:24:30            11145               1                   321                 0                   
45:29:34            11166               1                   322                 0                   
45:34:38            11187               1                   322                 0                   
45:39:44            11208               1                   324                 0                   
45:44:45            11229               1                   325                 0                   
45:49:57            11250               1                   325                 0                   
45:55:00            11271               1                   325                 0                   
46:00:14            11292               1                   326                 0                   
46:05:15            11313               1                   326                 0                   
46:10:24            11334               1                   326                 0                   
46:15:32            11354               1                   326                 0                   
46:20:45            11376               1                   327                 0                   
46:25:59            11397               1                   329                 0                   
46:31:04            11418               1                   329                 0                   
46:36:10            11439               1                   329                 0                   
46:41:14            11460               1                   330                 0                   
46:46:18            11480               1                   330                 0                   
46:52:26            11500               1                   330                 0                   
46:57:39            11521               1                   330                 0                   
47:02:48            11542               1                   330                 0                   
47:07:52            11563               1                   330                 0                   
47:12:59            11584               1                   332                 0                   
47:18:06            11605               1                   332                 0                   
47:23:11            11626               1                   332                 0                   
47:28:22            11647               1                   332                 0                   
47:33:25            11668               1                   333                 0                   
47:38:34            11689               1                   333                 0                   
47:43:35            11710               1                   333                 0                   
47:48:49            11731               1                   333                 0                   
47:53:53            11751               1                   333                 0                   
47:58:58            11771               1                   333                 0                   
48:04:07            11791               1                   335                 0                   
48:09:16            11812               1                   336                 0                   
48:14:22            11833               1                   336                 0                   
48:19:30            11854               1                   337                 0                   
48:24:37            11875               1                   337                 0                   
48:29:42            11896               1                   339                 0                   
48:34:48            11917               1                   339                 0                   
48:39:49            11938               1                   340                 0                   
48:45:02            11959               1                   341                 0                   
48:50:08            11980               1                   341                 0                   
48:56:14            12000               1                   343                 0                   
49:01:21            12021               1                   344                 0                   
49:06:24            12042               1                   345                 0                   
49:11:25            12062               1                   345                 0                   
49:16:28            12083               1                   346                 0                   
49:21:32            12104               1                   346                 0                   
49:26:37            12125               1                   346                 0                   
49:31:45            12146               1                   346                 0                   
49:36:52            12167               1                   346                 0                   
49:41:57            12188               1                   346                 0                   
49:47:06            12209               1                   346                 0                   
49:52:10            12230               1                   347                 0                   
49:57:20            12251               1                   347                 0                   
50:02:26            12272               1                   347                 0                   
50:07:30            12293               1                   348                 0                   
50:12:40            12314               1                   348                 0                   
50:17:44            12335               1                   348                 0                   
50:22:55            12356               1                   348                 0                   
50:27:59            12376               1                   349                 0                   
50:33:05            12394               1                   349                 0                   
50:38:10            12415               1                   349                 0                   
50:43:20            12436               1                   349                 0                   
50:48:29            12456               1                   349                 0                   
50:53:39            12477               1                   349                 0                   
50:58:49            12498               1                   349                 0                   
51:03:53            12514               1                   350                 0                   
51:09:03            12534               1                   350                 0                   
51:14:15            12555               1                   350                 0                   
51:19:25            12576               1                   350                 0                   
51:24:28            12597               1                   350                 0                   
51:29:36            12618               1                   352                 0                   
51:34:45            12639               1                   353                 0                   
51:39:51            12660               1                   353                 0                   
51:44:56            12681               1                   353                 0                   
51:50:05            12702               1                   353                 0                   
51:55:11            12723               1                   354                 0                   
52:00:14            12744               1                   354                 0                   
52:05:16            12764               1                   355                 0                   
52:10:20            12785               1                   356                 0                   
52:15:25            12806               1                   356                 0                   
52:20:28            12827               1                   356                 0                   
52:25:36            12848               1                   356                 0                   
52:30:50            12869               1                   357                 0                   
52:35:54            12889               1                   357                 0                   
52:41:00            12910               1                   357                 0                   
52:46:07            12930               1                   357                 0                   
52:51:11            12951               1                   357                 0                   
52:56:15            12972               1                   358                 0                   
53:01:27            12993               1                   360                 0                   
53:06:31            13009               1                   360                 0                   
53:11:38            13030               1                   361                 0                   
53:16:44            13051               1                   362                 0                   
53:21:50            13072               1                   362                 0                   
53:27:00            13093               1                   362                 0                   
53:32:04            13114               1                   362                 0                   
53:37:17            13135               1                   362                 0                   
53:42:28            13157               1                   362                 0                   
53:47:35            13178               1                   362                 0                   
53:52:45            13199               1                   362                 0                   
53:57:50            13220               1                   362                 0                   
54:03:01            13241               1                   363                 0                   
54:08:03            13262               1                   363                 0                   
54:13:13            13283               1                   364                 0                   
54:18:16            13304               1                   364                 0                   
54:23:26            13325               1                   364                 0                   
54:28:31            13346               1                   364                 0                   
54:33:41            13367               1                   364                 0                   
54:38:50            13388               1                   364                 0                   
54:43:51            13408               1                   364                 0                   
54:49:00            13429               1                   365                 0                   
54:54:04            13450               1                   365                 0                   
54:59:08            13469               1                   366                 0                   
55:04:09            13489               1                   367                 0                   
55:09:21            13505               1                   367                 0                   
55:14:33            13527               1                   367                 0                   
55:19:42            13548               1                   367                 0                   
55:24:51            13569               1                   367                 0                   
55:29:57            13590               1                   367                 0                   
55:35:02            13611               1                   367                 0                   
55:40:07            13632               1                   367                 0                   
55:45:12            13653               1                   367                 0                   
55:50:26            13674               1                   369                 0                   
55:55:32            13694               1                   370                 0                   
56:00:36            13714               1                   370                 0                   
56:05:45            13735               1                   370                 0                   
56:11:00            13756               1                   370                 0                   
56:16:00            13777               1                   370                 0                   
56:21:03            13798               1                   370                 0                   
56:26:15            13820               1                   370                 0                   
56:31:17            13841               1                   371                 0                   
56:36:24            13862               1                   372                 0                   
56:41:28            13883               1                   372                 0                   
56:46:36            13904               1                   372                 0                   
56:51:41            13925               1                   373                 0                   
56:56:46            13946               1                   375                 0                   
57:01:51            13967               1                   377                 0                   
57:07:01            13988               1                   378                 0                   
57:12:16            14004               1                   379                 0                   
57:17:27            14024               1                   379                 0                   
57:22:27            14044               1                   379                 0                   
57:27:30            14065               1                   379                 0                   
57:32:38            14086               1                   379                 0                   
57:37:50            14107               1                   379                 0                   
57:42:51            14128               1                   381                 0                   
57:47:56            14149               1                   381                 0                   
57:53:04            14170               1                   381                 0                   
57:58:11            14191               1                   381                 0                   
58:03:16            14212               1                   382                 0                   
58:08:21            14233               1                   383                 0                   
58:13:31            14254               1                   383                 0                   
58:18:32            14275               1                   383                 0                   
58:23:41            14296               1                   383                 0                   
58:28:46            14317               1                   383                 0                   
58:33:57            14338               1                   383                 0                   
58:39:04            14359               1                   383                 0                   
58:44:09            14380               1                   384                 0                   
58:49:16            14401               1                   384                 0                   
58:54:26            14422               1                   384                 0                   
58:59:32            14443               1                   384                 0                   
59:04:39            14464               1                   384                 0                   
59:09:48            14485               1                   384                 0                   
59:14:52            14501               1                   385                 0                   
59:19:55            14522               1                   386                 0                   
59:25:01            14543               1                   386                 0                   
59:30:15            14565               1                   386                 0                   
59:35:25            14586               1                   386                 0                   
59:40:33            14607               1                   386                 0                   
59:45:37            14628               1                   386                 0                   
59:50:40            14649               1                   386                 0                   
59:55:46            14670               1                   386                 0                   
60:00:53            14691               1                   386                 0                   
60:06:00            14712               2                   386                 0                   
60:11:05            14733               2                   386                 0                   
60:16:17            14751               2                   386                 0                   
60:21:19            14768               2                   386                 0                   
60:26:31            14790               2                   386                 0                   
60:31:40            14811               2                   386                 0                   
60:36:47            14832               2                   386                 0                   
60:41:47            14852               2                   386                 0                   
60:46:57            14873               2                   387                 0                   
60:52:06            14893               2                   389                 0                   
60:57:18            14912               2                   392                 0                   
61:02:22            14932               2                   393                 0                   
61:07:36            14952               2                   395                 0                   
61:12:46            14973               2                   395                 0                   
61:17:54            14994               2                   396                 0                   
61:23:05            15010               2                   396                 0                   
61:28:11            15031               2                   397                 0                   
61:33:21            15052               2                   397                 0                   
61:38:24            15073               2                   398                 0                   
61:43:37            15094               2                   398                 0                   
61:48:43            15115               2                   398                 0                   
61:53:56            15136               2                   398                 0                   
61:59:04            15157               2                   398                 0                   
62:04:11            15178               2                   399                 0                   
62:09:17            15199               2                   399                 0                   
62:14:22            15219               2                   399                 0                   
62:19:36            15240               2                   400                 0                   
62:24:43            15261               2                   401                 0                   
62:29:53            15282               2                   402                 0                   
62:34:59            15303               2                   402                 0                   
62:40:10            15324               2                   403                 0                   
62:45:22            15344               2                   405                 0                   
62:50:32            15365               2                   405                 0                   
62:55:47            15386               2                   405                 0                   
63:00:54            15406               2                   409                 0                   
63:05:59            15427               2                   410                 0                   
63:11:05            15448               2                   411                 0                   
63:16:17            15469               2                   411                 0                   
63:21:22            15490               2                   411                 0                   
63:26:27            15506               2                   411                 0                   
63:31:34            15527               2                   411                 0                   
63:36:42            15547               2                   411                 0                   
63:41:51            15568               2                   412                 0                   
63:47:02            15589               2                   412                 0                   
63:52:04            15610               2                   412                 0                   
63:57:12            15631               2                   412                 0                   
64:02:21            15652               2                   412                 0                   
64:07:31            15673               2                   412                 0                   
64:12:37            15694               2                   412                 0                   
64:17:42            15715               2                   412                 0                   
64:22:55            15736               2                   412                 0                   
64:27:59            15757               2                   413                 0                   
64:33:12            15778               2                   413                 0                   
64:38:17            15799               2                   413                 0                   
64:43:29            15820               2                   413                 0                   
64:48:38            15841               2                   413                 0                   
64:53:55            15862               2                   416                 0                   
64:59:01            15883               2                   416                 0                   
65:04:10            15904               2                   416                 0                   
65:09:16            15925               2                   416                 0                   
65:14:22            15946               2                   416                 0                   
65:19:23            15966               2                   416                 0                   
65:24:26            15986               2                   416                 0                   
65:29:31            16002               2                   416                 0                   
65:34:42            16023               2                   417                 0                   
65:39:44            16043               2                   417                 0                   
65:44:46            16063               2                   419                 0                   
65:49:54            16084               2                   420                 0                   
65:54:59            16105               2                   420                 0                   
66:00:07            16126               2                   421                 0                   
66:05:16            16147               2                   421                 0                   
66:10:23            16168               2                   422                 0                   
66:15:31            16189               2                   422                 0                   
66:20:37            16210               2                   423                 0                   
66:25:50            16231               2                   423                 0                   
66:31:00            16252               2                   423                 0                   
