Time                Round               Mutate stage        Coverage            Crash found         
00:00:02            1                   0                   1                   0                   
00:05:06            59                  0                   5                   0                   
00:10:08            129                 0                   5                   0                   
00:15:11            195                 1                   6                   0                   
00:20:42            250                 1                   6                   0                   
00:25:43            315                 1                   6                   0                   
00:30:45            392                 2                   6                   0                   
00:36:11            450                 2                   6                   0                   
00:41:40            517                 2                   7                   1                   
00:46:41            583                 2                   7                   1                   
00:51:43            648                 2                   8                   1                   
00:57:14            717                 2                   8                   1                   
01:02:18            787                 2                   8                   1                   
01:07:20            866                 2                   8                   1                   
01:12:23            928                 2                   8                   1                   
01:17:25            1001                2                   8                   1                   
01:23:01            1067                2                   8                   1                   
01:28:03            1142                2                   9                   1                   
01:33:45            1217                2                   9                   1                   
01:38:47            1287                2                   10                  1                   
01:44:11            1367                2                   11                  1                   
01:49:13            1444                2                   13                  1                   
01:54:56            1517                2                   14                  1                   
01:59:57            1601                2                   14                  1                   
02:05:25            1667                2                   14                  1                   
02:10:26            1738                2                   14                  1                   
02:15:31            1790                2                   14                  2                   
02:21:08            1861                2                   14                  3                   
02:27:06            1961                2                   14                  3                   
02:32:07            2053                2                   14                  3                   
02:37:08            2111                2                   14                  4                   
02:42:49            2184                2                   15                  4                   
02:47:52            2272                2                   15                  4                   
02:52:55            2334                2                   15                  4                   
02:58:33            2408                2                   15                  5                   
03:03:34            2470                2                   15                  6                   
03:08:34            2530                2                   15                  6                   
03:13:35            2610                2                   15                  6                   
03:18:35            2655                2                   15                  7                   
03:23:37            2716                2                   15                  7                   
03:28:42            2773                2                   16                  8                   
03:33:42            2847                2                   16                  8                   
03:38:57            2915                2                   16                  8                   
03:43:59            2980                2                   16                  9                   
03:49:32            3040                2                   16                  9                   
03:54:33            3108                2                   16                  10                  
03:59:34            3144                2                   16                  11                  
04:04:37            3224                2                   16                  11                  
04:10:42            3264                2                   16                  13                  
04:15:43            3347                2                   17                  13                  
04:20:43            3413                2                   17                  13                  
04:25:48            3467                2                   18                  13                  
04:30:49            3552                2                   18                  13                  
04:35:58            3614                2                   19                  13                  
04:41:00            3684                2                   19                  13                  
04:46:01            3763                2                   19                  13                  
04:51:07            3823                2                   19                  14                  
04:56:08            3881                2                   19                  15                  
05:01:12            3934                2                   19                  15                  
05:07:07            4000                2                   19                  16                  
05:12:09            4077                2                   19                  16                  
05:17:10            4147                2                   19                  16                  
05:22:20            4200                2                   20                  16                  
05:27:21            4286                2                   20                  16                  
05:32:25            4370                2                   21                  16                  
05:37:27            4428                2                   21                  17                  
05:42:31            4507                2                   21                  17                  
05:47:34            4581                2                   21                  17                  
05:52:38            4664                2                   22                  17                  
05:57:39            4723                2                   22                  17                  
06:02:41            4811                2                   23                  17                  
06:07:43            4886                2                   23                  17                  
06:12:44            4971                2                   23                  17                  
06:17:49            5025                2                   23                  18                  
06:23:04            5094                2                   23                  18                  
06:28:05            5173                2                   23                  18                  
06:33:24            5244                2                   23                  18                  
06:38:27            5333                2                   23                  18                  
06:43:27            5401                2                   23                  18                  
06:48:28            5478                2                   23                  18                  
06:53:37            5544                2                   23                  18                  
06:59:12            5617                2                   23                  19                  
07:04:13            5688                2                   23                  19                  
07:09:48            5767                2                   23                  19                  
07:14:48            5858                2                   23                  19                  
07:19:54            5917                2                   24                  19                  
07:24:56            5999                2                   24                  19                  
07:29:57            6058                2                   25                  20                  
07:35:21            6134                2                   26                  20                  
07:40:24            6228                2                   26                  20                  
07:45:25            6286                2                   26                  20                  
07:51:23            6384                2                   26                  20                  
07:56:24            6464                2                   26                  20                  
08:02:02            6534                2                   26                  20                  
08:08:01            6634                2                   26                  20                  
08:13:03            6710                2                   26                  20                  
08:18:31            6784                2                   26                  20                  
08:24:11            6884                2                   26                  20                  
08:29:12            6964                2                   26                  20                  
08:34:23            7034                2                   26                  20                  
08:40:28            7134                2                   26                  20                  
08:45:29            7214                2                   26                  20                  
08:50:32            7281                2                   26                  20                  
08:55:33            7365                2                   26                  20                  
09:01:20            7434                2                   26                  20                  
09:07:35            7505                2                   26                  21                  
09:13:36            7605                2                   26                  21                  
09:18:37            7668                2                   26                  21                  
09:24:42            7755                2                   26                  21                  
09:29:42            7846                2                   26                  21                  
09:34:44            7898                2                   26                  22                  
09:39:49            7977                2                   26                  22                  
09:44:49            8025                2                   26                  23                  
09:49:51            8106                2                   26                  23                  
09:54:52            8162                2                   26                  23                  
10:00:51            8229                2                   26                  24                  
10:06:34            8329                2                   26                  24                  
10:11:35            8411                2                   26                  24                  
10:16:37            8480                2                   26                  24                  
10:21:38            8577                2                   26                  24                  
10:26:40            8638                2                   26                  24                  
10:31:42            8713                2                   26                  24                  
10:37:37            8779                2                   26                  24                  
10:43:23            8879                2                   26                  24                  
10:48:23            8945                2                   26                  24                  
10:53:24            9025                2                   26                  24                  
10:58:26            9100                2                   26                  24                  
11:03:27            9174                2                   26                  24                  
11:08:28            9247                2                   26                  24                  
11:13:59            9329                2                   26                  24                  
11:19:04            9420                2                   27                  24                  
11:24:04            9487                2                   27                  24                  
11:29:05            9573                2                   27                  24                  
11:34:05            9658                2                   27                  24                  
11:39:15            9729                2                   27                  24                  
11:45:12            9800                2                   27                  25                  
11:50:22            9875                2                   27                  26                  
11:55:25            9941                2                   27                  26                  
12:00:27            10022               2                   27                  26                  
12:05:29            10083               2                   27                  26                  
12:10:53            10175               2                   27                  26                  
12:15:53            10238               2                   27                  26                  
12:20:55            10323               2                   27                  26                  
12:25:55            10402               2                   27                  26                  
12:31:21            10475               2                   27                  26                  
12:36:22            10559               2                   27                  26                  
12:41:23            10627               2                   27                  26                  
12:47:07            10725               2                   27                  26                  
12:52:10            10817               2                   27                  26                  
12:57:14            10867               2                   27                  27                  
13:02:17            10949               2                   27                  27                  
13:07:18            11040               2                   27                  27                  
13:12:19            11110               2                   27                  27                  
13:17:21            11174               2                   27                  28                  
13:22:23            11241               2                   27                  29                  
13:27:23            11298               2                   27                  30                  
13:32:24            11381               2                   27                  30                  
13:37:24            11463               2                   27                  30                  
13:42:26            11528               2                   27                  30                  
13:47:27            11601               2                   27                  30                  
13:53:02            11694               2                   27                  30                  
13:58:49            11766               2                   27                  31                  
14:03:53            11852               2                   27                  31                  
14:08:55            11907               2                   27                  32                  
14:13:55            11992               2                   27                  32                  
14:18:56            12072               2                   27                  32                  
14:25:12            12138               2                   27                  32                  
14:30:16            12210               2                   27                  33                  
14:35:18            12288               2                   27                  33                  
14:40:27            12360               2                   27                  33                  
14:45:28            12433               2                   27                  33                  
14:50:29            12518               2                   27                  33                  
14:55:31            12591               2                   27                  33                  
15:00:39            12660               2                   27                  33                  
15:06:44            12760               2                   28                  33                  
15:12:46            12835               2                   28                  34                  
15:17:51            12924               2                   28                  34                  
15:22:51            12987               2                   28                  34                  
15:27:53            13070               2                   28                  34                  
15:32:53            13113               2                   28                  35                  
15:38:58            13199               2                   28                  35                  
15:44:54            13299               2                   28                  35                  
15:49:54            13385               2                   28                  35                  
15:55:02            13449               2                   28                  35                  
16:00:03            13543               2                   28                  35                  
16:05:06            13614               2                   28                  35                  
16:10:38            13670               2                   28                  36                  
16:15:39            13758               2                   28                  36                  
16:20:40            13843               2                   28                  36                  
16:25:42            13907               2                   28                  36                  
16:30:43            13977               2                   28                  36                  
16:35:44            14069               2                   28                  36                  
16:40:44            14151               2                   28                  36                  
16:46:27            14220               2                   28                  36                  
16:51:29            14308               2                   28                  36                  
16:56:29            14393               2                   28                  36                  
17:02:25            14470               2                   28                  36                  
17:07:27            14544               2                   28                  36                  
17:12:27            14629               2                   28                  36                  
17:17:29            14714               2                   29                  36                  
17:22:30            14782               2                   29                  36                  
17:28:33            14870               2                   29                  36                  
17:34:26            14970               2                   29                  36                  
17:39:26            15040               2                   29                  37                  
17:44:48            15091               2                   29                  37                  
17:50:28            15191               2                   29                  37                  
17:55:32            15280               2                   29                  37                  
18:00:37            15349               2                   29                  37                  
18:05:51            15414               2                   29                  38                  
18:11:43            15514               2                   29                  38                  
18:16:44            15586               2                   29                  38                  
18:22:32            15664               2                   29                  38                  
18:28:34            15764               2                   29                  38                  
18:33:35            15835               2                   29                  38                  
18:39:18            15914               2                   29                  38                  
18:44:19            15995               2                   29                  38                  
18:49:19            16080               2                   29                  38                  
18:54:20            16160               2                   29                  38                  
18:59:54            16214               2                   29                  38                  
19:05:33            16314               2                   29                  38                  
19:10:38            16387               2                   31                  39                  
19:15:43            16464               2                   31                  39                  
19:20:58            16537               2                   31                  39                  
19:26:35            16637               2                   31                  39                  
19:31:36            16712               2                   32                  39                  
19:37:15            16787               2                   32                  39                  
19:42:55            16887               2                   33                  39                  
19:47:56            16979               2                   33                  39                  
19:52:58            17037               2                   33                  39                  
19:58:00            17125               2                   33                  39                  
20:03:02            17209               2                   33                  39                  
20:08:26            17287               2                   33                  39                  
20:13:27            17384               2                   33                  39                  
20:18:28            17452               2                   33                  39                  
20:23:29            17528               2                   33                  40                  
20:28:30            17613               2                   33                  40                  
20:33:45            17676               2                   33                  41                  
20:38:46            17756               2                   33                  41                  
20:44:01            17826               2                   33                  41                  
20:49:04            17900               2                   33                  42                  
20:54:06            17956               2                   33                  42                  
20:59:58            18048               2                   33                  42                  
21:05:32            18148               2                   33                  42                  
21:10:35            18244               2                   33                  42                  
21:15:37            18280               2                   33                  43                  
21:21:22            18367               2                   33                  43                  
21:27:18            18467               2                   33                  43                  
21:32:20            18563               2                   33                  43                  
21:37:46            18617               2                   33                  43                  
21:42:50            18687               2                   33                  43                  
21:48:02            18767               2                   33                  43                  
21:53:07            18843               2                   33                  44                  
21:58:12            18914               2                   33                  44                  
22:03:16            18990               2                   33                  44                  
22:08:18            19065               2                   33                  44                  
22:13:19            19150               2                   33                  44                  
22:18:44            19213               2                   33                  45                  
22:23:44            19297               2                   33                  45                  
22:28:53            19363               2                   33                  45                  
22:33:54            19439               2                   33                  46                  
22:39:45            19535               2                   33                  46                  
22:44:48            19614               2                   33                  46                  
22:50:20            19685               2                   33                  46                  
22:55:56            19785               2                   33                  46                  
23:01:09            19859               2                   33                  47                  
23:06:11            19947               2                   33                  47                  
23:11:13            19985               2                   33                  48                  
23:16:48            20081               2                   33                  48                  
23:21:52            20164               2                   33                  48                  
23:27:30            20231               2                   34                  48                  
23:32:33            20318               2                   34                  48                  
23:37:35            20396               2                   34                  48                  
23:42:44            20481               2                   34                  48                  
23:47:46            20547               2                   34                  48                  
23:53:28            20631               2                   34                  48                  
23:58:32            20701               2                   34                  49                  
24:04:09            20801               2                   34                  49                  
24:09:10            20872               2                   34                  49                  
24:14:51            20951               2                   34                  49                  
24:19:53            21042               2                   34                  49                  
24:24:54            21118               2                   34                  49                  
24:30:52            21201               2                   34                  49                  
24:36:29            21276               2                   34                  50                  
24:41:29            21365               2                   34                  50                  
24:46:30            21450               2                   34                  50                  
24:51:39            21526               2                   34                  50                  
24:57:23            21597               2                   34                  51                  
25:02:24            21693               2                   34                  51                  
25:07:24            21778               2                   34                  51                  
25:13:07            21847               2                   34                  51                  
25:18:09            21932               2                   34                  51                  
25:23:09            22006               2                   34                  51                  
25:28:09            22081               2                   34                  52                  
25:33:10            22157               2                   34                  53                  
25:38:15            22240               2                   34                  53                  
25:43:15            22306               2                   34                  53                  
25:48:28            22392               2                   34                  53                  
25:54:15            22492               2                   34                  53                  
25:59:15            22564               2                   34                  53                  
26:04:18            22638               2                   34                  53                  
26:09:20            22722               2                   34                  53                  
26:14:20            22796               2                   34                  53                  
26:19:21            22851               2                   34                  54                  
26:24:26            22912               2                   34                  55                  
26:29:26            22963               2                   34                  56                  
26:34:37            23053               2                   34                  56                  
26:39:42            23144               2                   34                  56                  
26:44:48            23203               2                   34                  56                  
26:49:49            23264               2                   34                  57                  
26:54:49            23344               2                   34                  57                  
27:00:02            23427               2                   34                  57                  
27:05:50            23492               2                   34                  58                  
27:10:56            23550               2                   34                  59                  
27:16:32            23617               2                   34                  60                  
27:21:34            23716               2                   34                  60                  
27:26:35            23776               2                   34                  60                  
27:31:37            23856               2                   34                  60                  
27:36:39            23911               2                   34                  61                  
27:42:04            23988               2                   34                  61                  
27:47:47            24088               2                   35                  61                  
27:52:48            24152               2                   35                  61                  
27:58:49            24238               2                   35                  61                  
28:04:39            24338               2                   35                  61                  
28:09:43            24433               2                   35                  61                  
28:14:57            24488               2                   35                  61                  
28:19:58            24574               2                   35                  61                  
28:25:18            24638               2                   35                  61                  
28:30:50            24738               2                   37                  61                  
28:35:51            24836               2                   37                  61                  
28:40:52            24890               2                   37                  61                  
28:45:55            24974               2                   37                  61                  
28:50:56            25047               2                   37                  61                  
28:56:09            25138               2                   37                  61                  
29:01:10            25221               2                   37                  61                  
29:06:11            25300               2                   37                  61                  
29:12:11            25388               2                   37                  61                  
29:17:12            25464               2                   37                  62                  
29:22:12            25548               2                   37                  62                  
29:28:12            25613               2                   37                  62                  
29:33:12            25708               2                   37                  62                  
29:38:13            25790               2                   37                  62                  
29:43:14            25875               2                   38                  62                  
29:48:54            25934               2                   38                  63                  
29:53:54            26013               2                   38                  63                  
29:59:22            26084               2                   38                  63                  
30:05:28            26184               2                   39                  63                  
30:10:30            26277               2                   39                  63                  
30:15:31            26339               2                   39                  63                  
30:20:35            26428               2                   39                  63                  
30:25:35            26513               2                   39                  63                  
30:30:36            26598               2                   39                  63                  
30:35:58            26658               2                   39                  64                  
30:40:58            26736               2                   39                  64                  
30:46:00            26789               2                   39                  64                  
30:51:00            26861               2                   39                  64                  
30:56:30            26958               2                   39                  64                  
31:01:31            27056               2                   39                  64                  
31:06:34            27108               2                   39                  64                  
31:11:35            27185               2                   39                  64                  
31:16:37            27269               2                   39                  64                  
31:21:46            27358               2                   39                  64                  
31:26:48            27437               2                   39                  64                  
31:32:20            27508               2                   39                  64                  
31:38:09            27583               2                   39                  65                  
31:43:11            27680               2                   39                  65                  
31:48:14            27765               2                   39                  65                  
31:53:19            27833               2                   39                  65                  
31:58:56            27904               2                   39                  66                  
32:03:57            27976               2                   39                  66                  
32:08:59            28058               2                   39                  66                  
32:14:01            28134               2                   39                  67                  
32:19:04            28218               2                   39                  67                  
32:24:04            28270               2                   39                  68                  
32:29:06            28336               2                   39                  68                  
32:34:42            28436               2                   39                  68                  
32:40:14            28536               2                   39                  68                  
32:45:14            28587               2                   39                  70                  
32:51:10            28658               2                   39                  71                  
32:56:11            28738               2                   39                  71                  
33:01:12            28814               2                   39                  72                  
33:06:13            28893               2                   40                  72                  
33:11:15            28965               2                   40                  72                  
33:16:16            29037               2                   40                  72                  
33:21:17            29123               2                   40                  72                  
33:26:18            29208               2                   40                  72                  
33:31:18            29283               2                   40                  73                  
33:37:24            29354               2                   40                  73                  
33:42:28            29443               2                   40                  73                  
33:47:33            29504               2                   40                  73                  
33:52:34            29578               2                   40                  74                  
33:58:15            29678               2                   40                  74                  
34:03:15            29760               2                   40                  74                  
34:08:16            29834               2                   40                  74                  
34:13:17            29911               2                   40                  74                  
34:18:17            29996               2                   40                  74                  
34:23:19            30081               2                   40                  74                  
34:28:20            30152               2                   40                  74                  
34:34:02            30228               2                   40                  74                  
34:40:04            30328               2                   40                  74                  
34:45:36            30428               2                   41                  74                  
34:50:48            30503               2                   41                  75                  
34:55:49            30586               2                   41                  75                  
35:01:19            30653               2                   41                  75                  
35:06:59            30753               2                   41                  75                  
35:12:35            30853               2                   41                  75                  
35:17:39            30937               2                   41                  75                  
35:22:40            31007               2                   41                  75                  
35:27:40            31079               2                   41                  75                  
35:32:42            31164               2                   41                  75                  
35:37:56            31253               2                   41                  75                  
35:42:56            31335               2                   41                  75                  
35:47:56            31409               2                   41                  75                  
35:52:58            31500               2                   41                  75                  
35:57:59            31585               2                   41                  75                  
36:03:00            31670               2                   41                  75                  
36:09:02            31753               2                   41                  75                  
36:14:03            31838               2                   41                  75                  
36:19:05            31920               2                   41                  75                  
36:24:06            32005               2                   41                  75                  
36:30:00            32103               2                   41                  75                  
36:35:00            32192               2                   41                  75                  
36:40:27            32253               2                   41                  75                  
36:46:14            32353               2                   41                  75                  
36:51:47            32453               2                   41                  75                  
36:56:50            32547               2                   41                  75                  
37:01:52            32605               2                   41                  75                  
37:06:52            32683               2                   41                  75                  
37:11:53            32768               2                   41                  75                  
37:16:53            32853               2                   41                  75                  
37:22:59            32953               2                   41                  75                  
37:28:00            33038               2                   41                  75                  
37:33:01            33104               2                   41                  75                  
37:38:02            33180               2                   41                  76                  
37:43:40            33277               2                   42                  76                  
37:48:41            33358               2                   42                  76                  
37:53:42            33431               2                   42                  76                  
37:58:43            33507               2                   42                  76                  
38:03:44            33592               2                   42                  76                  
38:08:54            33677               2                   42                  76                  
38:13:56            33775               2                   42                  76                  
38:18:57            33851               2                   42                  76                  
38:24:48            33927               2                   42                  76                  
38:30:20            34027               2                   42                  76                  
38:35:51            34127               2                   42                  76                  
38:40:52            34222               2                   42                  76                  
38:45:53            34278               2                   42                  76                  
38:51:56            34377               2                   42                  76                  
38:57:27            34477               2                   42                  76                  
39:02:27            34561               2                   42                  76                  
39:08:23            34627               2                   42                  76                  
39:13:26            34699               2                   42                  76                  
39:19:09            34777               2                   42                  76                  
39:24:40            34877               2                   42                  76                  
39:29:42            34963               2                   42                  76                  
39:34:42            35024               2                   42                  76                  
39:39:43            35088               2                   42                  76                  
39:44:43            35166               2                   42                  76                  
39:49:44            35251               2                   42                  76                  
39:54:46            35336               2                   42                  76                  
39:59:51            35424               2                   42                  76                  
40:04:54            35487               2                   42                  76                  
40:10:42            35577               2                   42                  76                  
40:16:14            35677               2                   42                  76                  
40:21:45            35777               2                   42                  76                  
40:26:47            35848               2                   42                  76                  
40:32:20            35927               2                   42                  76                  
40:37:20            36019               2                   42                  76                  
40:42:21            36104               2                   42                  76                  
40:47:23            36180               2                   43                  76                  
40:52:25            36268               2                   43                  76                  
40:57:25            36331               2                   43                  76                  
41:02:26            36419               2                   43                  76                  
41:07:27            36504               2                   43                  76                  
41:12:28            36589               2                   43                  76                  
41:18:20            36677               2                   43                  76                  
41:23:20            36765               2                   43                  76                  
41:28:21            36838               2                   43                  76                  
41:33:31            36927               2                   43                  76                  
41:39:02            37027               2                   43                  76                  
41:44:04            37107               2                   43                  76                  
41:49:05            37183               2                   43                  76                  
41:54:06            37273               2                   43                  76                  
41:59:07            37358               2                   43                  76                  
42:04:08            37441               2                   43                  76                  
42:10:16            37527               2                   43                  76                  
42:15:17            37610               2                   43                  76                  
42:21:14            37677               2                   43                  76                  
42:26:46            37777               2                   43                  76                  
42:32:33            37877               2                   43                  76                  
42:37:33            37958               2                   43                  76                  
42:42:35            38034               2                   43                  76                  
42:47:36            38117               2                   43                  76                  
42:52:38            38200               2                   43                  76                  
42:57:40            38285               2                   43                  76                  
43:03:42            38377               2                   43                  76                  
43:08:46            38466               2                   43                  76                  
43:14:37            38527               2                   43                  76                  
43:20:08            38627               2                   43                  76                  
43:25:40            38727               2                   43                  76                  
43:30:44            38800               2                   43                  76                  
43:36:43            38877               2                   43                  76                  
43:41:43            38961               2                   43                  76                  
43:46:43            39041               2                   43                  76                  
43:51:46            39127               2                   43                  76                  
43:56:46            39223               2                   43                  76                  
44:01:48            39284               2                   43                  76                  
44:06:50            39369               2                   43                  76                  
44:11:51            39454               2                   43                  76                  
44:16:52            39539               2                   43                  76                  
44:22:49            39627               2                   43                  76                  
44:27:49            39711               2                   43                  76                  
44:33:04            39777               2                   43                  76                  
44:38:05            39845               2                   43                  77                  
44:43:07            39930               2                   43                  77                  
44:48:08            40019               2                   43                  77                  
44:54:11            40078               2                   43                  77                  
45:00:16            40178               2                   43                  77                  
45:05:48            40278               2                   43                  77                  
45:11:20            40378               2                   43                  77                  
45:16:20            40477               2                   43                  77                  
45:21:35            40528               2                   43                  77                  
45:26:37            40613               2                   43                  77                  
45:31:37            40676               2                   43                  78                  
45:36:39            40761               2                   43                  78                  
45:41:48            40845               2                   43                  78                  
45:46:48            40939               2                   43                  78                  
45:51:53            41003               2                   43                  78                  
45:57:55            41095               2                   43                  78                  
46:03:27            41195               2                   43                  78                  
46:09:30            41295               2                   43                  78                  
46:14:31            41373               2                   43                  78                  
46:20:12            41445               2                   43                  78                  
46:26:06            41545               2                   43                  78                  
46:31:39            41645               2                   43                  78                  
46:36:40            41737               2                   43                  78                  
46:41:50            41795               2                   43                  78                  
46:46:50            41888               2                   43                  78                  
46:51:51            41969               2                   43                  78                  
46:56:52            42053               2                   43                  78                  
47:02:29            42145               2                   43                  78                  
47:07:33            42212               2                   43                  78                  
47:12:34            42292               2                   43                  78                  
47:17:52            42345               2                   43                  78                  
47:23:24            42445               2                   43                  78                  
47:28:56            42545               2                   43                  78                  
47:34:01            42628               2                   43                  78                  
47:39:03            42695               2                   43                  78                  
47:44:04            42790               2                   43                  78                  
47:49:05            42875               2                   43                  78                  
47:54:06            42959               2                   43                  78                  
47:59:37            43045               2                   43                  78                  
48:04:38            43143               2                   43                  78                  
48:09:39            43221               2                   43                  78                  
48:14:39            43305               2                   43                  78                  
48:19:52            43395               2                   43                  78                  
48:24:53            43490               2                   43                  78                  
48:29:55            43547               2                   43                  78                  
48:35:34            43645               2                   43                  78                  
48:41:07            43745               2                   43                  78                  
48:46:08            43828               2                   43                  78                  
48:51:29            43895               2                   43                  78                  
48:56:32            43983               2                   43                  78                  
49:01:34            44059               2                   43                  78                  
49:06:37            44145               2                   43                  78                  
49:12:33            44245               2                   43                  78                  
49:17:34            44338               2                   43                  78                  
49:22:34            44406               2                   43                  78                  
49:28:18            44495               2                   43                  78                  
49:33:50            44595               2                   44                  78                  
49:39:32            44695               2                   44                  78                  
49:44:33            44781               2                   44                  78                  
49:49:34            44847               2                   44                  78                  
49:55:39            44945               2                   44                  78                  
50:01:11            45045               2                   44                  78                  
50:06:11            45142               2                   44                  78                  
50:11:26            45195               2                   44                  78                  
50:16:27            45281               2                   44                  78                  
50:21:28            45348               2                   44                  78                  
50:26:55            45445               2                   45                  78                  
50:31:55            45541               2                   45                  78                  
50:37:18            45595               2                   45                  78                  
50:42:19            45684               2                   45                  78                  
50:47:21            45751               2                   45                  78                  
50:52:42            45845               2                   45                  78                  
50:58:14            45945               2                   45                  78                  
51:03:15            46031               2                   45                  78                  
51:08:17            46081               2                   45                  79                  
51:13:38            46156               2                   45                  79                  
51:19:43            46256               2                   45                  79                  
51:25:15            46356               2                   45                  79                  
51:31:03            46456               2                   45                  79                  
51:36:03            46537               2                   45                  79                  
51:41:56            46606               2                   45                  79                  
51:47:58            46706               2                   45                  79                  
51:53:00            46782               2                   45                  80                  
51:58:01            46856               2                   45                  81                  
52:03:01            46931               2                   45                  81                  
52:08:09            47000               2                   45                  81                  
52:13:09            47071               2                   45                  81                  
52:18:11            47156               2                   45                  81                  
52:23:30            47250               2                   45                  81                  
52:28:55            47322               2                   45                  82                  
52:33:56            47386               2                   45                  82                  
52:40:00            47472               2                   45                  82                  
52:45:02            47545               2                   45                  83                  
52:50:02            47620               2                   45                  84                  
52:55:04            47696               2                   45                  85                  
53:01:06            47768               2                   45                  86                  
53:06:28            47840               2                   45                  87                  
53:11:29            47929               2                   45                  87                  
53:16:29            47997               2                   45                  87                  
53:21:30            48070               2                   45                  88                  
53:26:32            48135               2                   45                  89                  
53:32:12            48198               2                   46                  90                  
53:37:14            48275               2                   46                  90                  
53:42:34            48348               2                   46                  90                  
53:47:36            48424               2                   46                  91                  
53:52:36            48499               2                   46                  92                  
53:57:37            48590               2                   46                  92                  
54:02:38            48633               2                   46                  93                  
54:07:40            48716               2                   46                  93                  
54:12:56            48775               2                   46                  93                  
54:15:04            48825               2                   46                  93                  
