Time                Round               Mutate stage        Coverage            Crash found         
00:00:21            1                   0                   2                   0                   
00:05:24            15                  0                   10                  0                   
00:10:26            29                  0                   12                  0                   
00:15:28            43                  0                   12                  0                   
00:20:29            54                  0                   12                  0                   
00:25:31            68                  0                   14                  0                   
00:30:33            82                  0                   18                  0                   
00:35:35            96                  0                   18                  0                   
00:40:36            107                 0                   21                  0                   
00:45:38            121                 0                   22                  0                   
00:50:40            135                 0                   23                  0                   
00:55:42            149                 0                   25                  0                   
01:00:52            160                 0                   25                  0                   
01:05:54            174                 0                   26                  0                   
01:10:57            188                 0                   27                  0                   
01:16:19            200                 0                   28                  0                   
01:21:21            214                 0                   28                  0                   
01:26:24            228                 0                   28                  0                   
01:31:26            242                 0                   29                  0                   
01:36:27            253                 0                   29                  0                   
01:41:29            267                 0                   30                  0                   
01:46:31            281                 0                   32                  0                   
01:51:33            295                 0                   34                  0                   
01:56:48            306                 0                   34                  0                   
02:01:50            320                 0                   34                  0                   
02:06:52            334                 0                   34                  0                   
02:11:54            348                 0                   35                  0                   
02:16:56            359                 0                   35                  0                   
02:21:58            373                 0                   35                  0                   
02:27:00            387                 0                   36                  0                   
02:32:58            400                 0                   36                  0                   
02:38:00            414                 0                   36                  0                   
02:43:03            428                 0                   36                  0                   
02:48:07            442                 0                   38                  0                   
02:53:08            453                 0                   42                  0                   
02:58:10            467                 0                   42                  0                   
03:03:13            481                 0                   42                  0                   
03:08:15            495                 0                   48                  0                   
03:13:18            506                 0                   50                  0                   
03:18:22            520                 0                   50                  0                   
03:23:24            534                 0                   50                  0                   
03:28:27            548                 0                   50                  0                   
03:33:28            559                 0                   50                  0                   
03:38:30            573                 0                   51                  0                   
03:43:32            587                 0                   51                  0                   
03:49:17            600                 0                   51                  0                   
03:54:19            614                 0                   51                  0                   
03:59:21            628                 0                   51                  0                   
04:04:24            642                 0                   51                  0                   
04:09:26            653                 0                   51                  0                   
04:14:28            667                 0                   52                  0                   
04:19:30            681                 0                   52                  0                   
04:24:32            695                 0                   52                  1                   
04:29:34            706                 0                   52                  1                   
04:34:37            720                 0                   52                  1                   
04:39:39            734                 0                   52                  1                   
04:45:03            746                 0                   52                  1                   
04:50:06            760                 0                   52                  1                   
04:55:09            774                 1                   52                  1                   
05:00:11            788                 1                   52                  1                   
05:05:13            799                 1                   52                  1                   
05:10:15            813                 1                   52                  1                   
05:15:18            827                 1                   55                  1                   
05:20:20            841                 1                   55                  1                   
05:25:36            852                 1                   55                  1                   
05:30:38            866                 1                   56                  1                   
05:35:40            880                 1                   58                  1                   
05:40:43            894                 1                   58                  1                   
05:45:44            905                 1                   58                  1                   
05:50:47            919                 1                   59                  1                   
05:55:49            933                 1                   59                  1                   
06:01:34            946                 1                   59                  1                   
06:06:36            960                 1                   61                  1                   
06:11:39            974                 1                   64                  1                   
06:16:41            988                 1                   65                  1                   
06:21:43            999                 1                   65                  1                   
06:26:45            1013                1                   65                  1                   
06:32:01            1028                1                   68                  1                   
06:37:03            1042                1                   68                  1                   
06:42:05            1053                1                   68                  1                   
06:47:07            1067                1                   69                  1                   
06:52:09            1081                1                   71                  1                   
06:57:12            1095                1                   71                  1                   
07:02:13            1106                1                   71                  1                   
07:07:15            1120                1                   71                  1                   
07:12:17            1134                1                   71                  1                   
07:17:40            1146                1                   72                  1                   
07:22:42            1160                1                   72                  1                   
07:27:45            1174                1                   73                  1                   
07:32:46            1188                1                   73                  1                   
07:37:48            1199                1                   73                  1                   
07:42:50            1213                1                   73                  1                   
07:47:52            1227                1                   73                  1                   
07:52:55            1241                1                   73                  1                   
07:58:10            1252                1                   73                  1                   
08:03:12            1266                1                   73                  1                   
08:08:15            1280                1                   73                  1                   
08:13:17            1294                1                   73                  1                   
08:18:18            1305                1                   73                  1                   
08:23:20            1319                1                   73                  1                   
08:28:22            1333                1                   73                  1                   
08:34:07            1346                1                   73                  1                   
08:39:09            1360                1                   73                  1                   
08:44:11            1374                1                   73                  1                   
08:49:13            1388                2                   75                  1                   
08:54:15            1399                2                   75                  1                   
08:59:17            1413                2                   75                  1                   
09:04:26            1429                2                   76                  1                   
09:09:28            1443                2                   76                  1                   
09:14:29            1454                2                   76                  1                   
09:19:32            1468                2                   77                  1                   
09:24:34            1482                2                   77                  1                   
09:30:32            1496                2                   77                  1                   
09:35:34            1510                2                   77                  1                   
09:40:36            1524                2                   78                  1                   
09:45:38            1538                2                   79                  1                   
09:50:40            1549                2                   79                  1                   
09:55:55            1564                2                   80                  1                   
10:00:58            1578                2                   80                  1                   
10:06:00            1592                2                   80                  1                   
10:11:07            1603                2                   80                  1                   
10:16:09            1617                2                   80                  1                   
10:21:11            1631                2                   81                  1                   
10:26:14            1645                2                   82                  1                   
10:31:29            1656                2                   82                  1                   
10:36:32            1670                2                   82                  1                   
10:41:34            1684                2                   83                  1                   
10:46:50            1695                2                   84                  2                   
10:51:52            1709                2                   84                  2                   
10:57:41            1720                2                   84                  3                   
11:02:43            1734                2                   84                  3                   
11:07:46            1748                2                   86                  3                   
11:12:49            1762                2                   86                  3                   
11:17:50            1773                2                   87                  3                   
11:22:52            1787                2                   87                  3                   
11:27:55            1801                2                   87                  3                   
11:32:57            1815                2                   88                  3                   
11:37:59            1826                2                   88                  3                   
11:43:01            1840                2                   88                  3                   
11:48:03            1854                2                   88                  3                   
11:53:05            1868                2                   88                  3                   
11:58:26            1879                2                   88                  3                   
12:03:28            1893                2                   88                  3                   
12:08:31            1907                2                   88                  3                   
12:14:15            1920                2                   88                  3                   
12:19:18            1934                2                   89                  3                   
12:24:20            1948                2                   89                  3                   
12:29:22            1962                2                   92                  3                   
12:34:43            1973                2                   92                  3                   
12:39:47            1990                2                   94                  3                   
12:44:49            2004                2                   94                  3                   
12:49:51            2018                2                   94                  3                   
12:54:53            2029                2                   94                  3                   
12:59:55            2043                2                   94                  3                   
13:04:58            2057                2                   96                  3                   
13:10:42            2070                2                   96                  3                   
13:15:44            2084                2                   96                  3                   
13:20:47            2098                2                   96                  3                   
13:25:49            2112                2                   96                  3                   
13:31:05            2123                2                   96                  3                   
13:36:08            2137                2                   96                  3                   
13:41:10            2151                2                   96                  3                   
13:46:13            2166                2                   96                  3                   
13:51:14            2177                2                   96                  3                   
13:56:16            2191                2                   96                  3                   
14:01:18            2205                2                   99                  3                   
14:06:21            2219                2                   99                  3                   
14:11:22            2230                2                   99                  3                   
14:16:25            2244                2                   101                 3                   
14:21:27            2258                2                   104                 3                   
14:26:50            2270                2                   105                 3                   
14:31:52            2284                2                   105                 3                   
14:36:55            2298                2                   106                 3                   
14:41:57            2312                2                   107                 3                   
14:46:59            2323                2                   108                 3                   
14:52:02            2337                2                   111                 3                   
14:57:05            2351                2                   113                 3                   
15:02:08            2365                2                   113                 3                   
15:07:15            2376                2                   113                 3                   
15:12:17            2390                2                   113                 3                   
15:17:20            2404                2                   113                 3                   
15:22:22            2418                2                   113                 3                   
15:27:24            2429                2                   113                 3                   
15:32:26            2443                2                   113                 3                   
15:37:29            2457                2                   113                 3                   
15:43:15            2470                2                   114                 3                   
15:48:17            2484                2                   114                 3                   
15:53:42            2497                2                   114                 4                   
15:58:44            2508                2                   114                 4                   
16:03:46            2522                2                   114                 4                   
16:08:49            2536                2                   114                 4                   
16:14:13            2548                2                   114                 4                   
16:19:16            2562                2                   115                 4                   
16:24:18            2576                2                   117                 4                   
16:29:21            2590                2                   119                 4                   
16:34:42            2601                2                   119                 4                   
16:39:44            2615                2                   119                 4                   
16:44:47            2629                2                   119                 4                   
16:49:49            2643                2                   119                 4                   
16:55:05            2654                2                   119                 4                   
17:00:07            2668                2                   119                 4                   
17:05:10            2682                2                   119                 4                   
17:10:12            2693                2                   120                 5                   
17:15:14            2707                2                   120                 5                   
17:20:17            2721                2                   120                 5                   
17:25:19            2735                2                   120                 5                   
17:30:21            2746                2                   120                 5                   
17:35:23            2760                2                   120                 5                   
17:40:26            2774                2                   120                 5                   
17:45:28            2788                2                   121                 5                   
17:50:30            2799                2                   121                 5                   
17:55:33            2813                2                   121                 5                   
18:00:35            2827                2                   121                 5                   
18:05:37            2841                2                   123                 5                   
18:10:39            2852                2                   123                 5                   
18:15:53            2868                2                   124                 5                   
18:20:56            2882                2                   124                 5                   
18:26:03            2895                2                   124                 5                   
18:31:24            2911                2                   124                 5                   
18:36:26            2925                2                   124                 5                   
18:41:28            2939                2                   124                 5                   
18:46:30            2950                2                   124                 5                   
18:51:33            2964                2                   125                 5                   
18:56:35            2978                2                   127                 5                   
19:01:38            2992                2                   130                 5                   
19:06:40            3003                2                   130                 5                   
19:11:42            3017                2                   131                 5                   
19:16:45            3031                2                   132                 5                   
19:22:08            3043                2                   132                 5                   
19:27:11            3057                2                   133                 5                   
19:32:14            3071                2                   133                 5                   
19:37:16            3085                2                   134                 5                   
19:42:18            3096                2                   134                 5                   
19:47:32            3111                2                   135                 5                   
19:52:36            3126                2                   135                 5                   
19:57:40            3140                2                   135                 5                   
20:02:41            3151                2                   136                 5                   
20:07:44            3165                2                   136                 5                   
20:12:47            3179                2                   136                 5                   
20:18:53            3193                2                   136                 5                   
20:23:55            3207                2                   136                 5                   
20:28:58            3221                2                   136                 5                   
20:34:08            3230                2                   136                 6                   
20:39:11            3244                2                   136                 6                   
20:44:14            3258                2                   137                 6                   
20:49:16            3272                2                   138                 6                   
20:54:18            3283                2                   139                 6                   
20:59:20            3297                2                   139                 6                   
21:04:23            3311                2                   139                 6                   
21:09:46            3323                2                   139                 6                   
21:14:49            3337                2                   142                 6                   
21:20:05            3352                2                   143                 6                   
21:25:08            3366                2                   144                 6                   
21:30:10            3377                2                   144                 6                   
21:35:13            3391                2                   144                 6                   
21:40:16            3405                2                   144                 6                   
21:45:18            3419                2                   144                 6                   
21:50:20            3430                2                   144                 6                   
21:55:23            3444                2                   144                 6                   
22:00:25            3458                2                   144                 6                   
22:05:28            3472                2                   144                 6                   
22:10:30            3483                2                   145                 6                   
22:15:33            3497                2                   145                 6                   
22:20:36            3511                2                   145                 6                   
22:25:59            3523                2                   145                 6                   
22:31:01            3537                2                   145                 6                   
22:36:04            3551                2                   146                 6                   
22:41:07            3565                2                   146                 6                   
22:46:08            3576                2                   146                 6                   
22:51:11            3590                2                   146                 6                   
22:56:15            3604                2                   146                 6                   
23:01:18            3618                2                   146                 6                   
23:06:22            3629                2                   146                 6                   
23:11:25            3643                2                   146                 6                   
23:16:28            3657                2                   147                 6                   
23:21:31            3671                2                   148                 6                   
23:26:33            3682                2                   148                 6                   
23:31:36            3693                2                   148                 7                   
23:36:39            3707                2                   148                 7                   
23:41:41            3721                2                   149                 7                   
23:46:44            3735                2                   149                 7                   
23:52:06            3746                2                   149                 7                   
23:57:10            3760                2                   149                 7                   
24:02:13            3774                2                   149                 7                   
24:07:15            3788                2                   149                 7                   
24:12:17            3799                2                   150                 7                   
24:17:20            3813                2                   150                 7                   
24:22:22            3827                2                   151                 7                   
24:27:46            3839                2                   151                 7                   
24:32:49            3853                2                   151                 7                   
24:37:52            3867                2                   151                 7                   
24:42:54            3881                2                   151                 7                   
24:47:55            3891                2                   151                 7                   
24:52:57            3905                2                   153                 7                   
24:58:00            3919                2                   153                 7                   
25:03:03            3933                2                   153                 7                   
25:08:05            3944                2                   153                 7                   
25:13:08            3958                2                   153                 7                   
25:18:11            3972                2                   153                 7                   
25:23:14            3986                2                   153                 7                   
25:28:16            3997                2                   153                 7                   
25:33:19            4011                2                   153                 7                   
25:38:23            4025                2                   154                 7                   
25:44:50            4039                2                   157                 7                   
25:49:52            4053                2                   157                 7                   
25:54:55            4067                2                   160                 7                   
26:00:08            4083                2                   160                 7                   
26:05:21            4096                2                   160                 7                   
26:10:24            4110                2                   160                 7                   
26:15:35            4127                2                   160                 7                   
26:21:08            4139                2                   160                 7                   
26:26:11            4153                2                   160                 7                   
26:31:13            4167                2                   160                 7                   
26:36:16            4181                2                   160                 7                   
26:41:18            4192                2                   160                 7                   
26:46:21            4206                2                   160                 7                   
26:51:24            4220                2                   161                 7                   
26:56:27            4234                2                   161                 7                   
27:01:29            4245                2                   163                 7                   
27:06:31            4259                2                   163                 7                   
27:11:34            4273                2                   164                 7                   
27:16:37            4287                2                   164                 7                   
27:21:37            4297                2                   164                 7                   
27:26:40            4311                2                   165                 7                   
27:31:43            4325                2                   165                 7                   
27:37:50            4339                2                   166                 7                   
27:43:02            4355                2                   168                 7                   
27:48:09            4370                2                   169                 7                   
27:53:12            4384                2                   169                 7                   
27:58:12            4394                2                   169                 7                   
28:03:15            4408                2                   169                 7                   
28:08:18            4422                2                   170                 7                   
28:13:21            4436                2                   170                 7                   
28:18:23            4447                2                   170                 7                   
28:23:26            4461                2                   170                 7                   
28:28:29            4475                2                   170                 7                   
28:34:55            4489                2                   170                 7                   
28:39:58            4503                2                   170                 7                   
28:45:01            4517                2                   170                 7                   
28:50:04            4531                2                   171                 7                   
28:55:06            4542                2                   171                 7                   
29:00:19            4558                2                   172                 7                   
29:05:23            4572                2                   173                 7                   
29:10:26            4586                2                   174                 7                   
29:15:28            4597                2                   174                 7                   
29:20:31            4611                2                   174                 7                   
29:25:34            4625                2                   174                 7                   
29:31:41            4639                2                   174                 7                   
29:36:44            4653                2                   174                 7                   
29:41:47            4667                2                   174                 7                   
29:46:50            4681                2                   174                 7                   
29:52:06            4692                2                   174                 8                   
29:57:09            4706                2                   174                 8                   
30:02:12            4720                2                   174                 8                   
30:07:15            4734                2                   174                 8                   
30:12:17            4745                2                   174                 8                   
30:17:22            4759                2                   176                 8                   
30:22:25            4773                2                   177                 8                   
30:28:51            4787                2                   178                 8                   
30:33:54            4801                2                   179                 8                   
30:38:57            4815                2                   180                 8                   
30:44:00            4829                2                   180                 8                   
30:49:02            4840                2                   180                 8                   
30:54:05            4854                2                   181                 8                   
30:59:08            4868                2                   182                 8                   
31:04:12            4882                2                   182                 8                   
31:09:13            4892                2                   183                 8                   
31:14:16            4906                2                   183                 8                   
31:19:20            4920                2                   183                 8                   
31:24:25            4934                2                   183                 8                   
31:29:27            4945                2                   183                 8                   
31:34:30            4959                2                   183                 8                   
31:39:33            4973                2                   183                 8                   
31:45:54            4987                2                   183                 8                   
31:50:57            5001                2                   183                 8                   
31:56:00            5015                2                   183                 8                   
32:01:03            5029                2                   184                 8                   
32:06:06            5040                2                   184                 8                   
32:11:09            5054                2                   184                 8                   
32:16:12            5068                2                   184                 8                   
32:21:16            5082                2                   184                 8                   
32:26:17            5092                2                   184                 8                   
32:31:28            5107                2                   184                 8                   
32:36:31            5121                2                   184                 8                   
32:41:34            5135                2                   185                 8                   
32:46:36            5146                2                   186                 8                   
32:51:39            5160                2                   187                 8                   
32:56:42            5174                2                   187                 8                   
33:02:47            5187                2                   187                 8                   
33:07:51            5201                2                   187                 8                   
33:12:54            5215                2                   188                 8                   
33:17:57            5229                2                   189                 8                   
33:22:59            5240                2                   189                 8                   
33:28:02            5254                2                   190                 8                   
33:33:05            5268                2                   190                 8                   
33:38:18            5277                2                   190                 9                   
33:43:21            5291                2                   190                 9                   
33:48:26            5305                2                   190                 9                   
33:53:29            5319                2                   190                 9                   
33:58:50            5330                2                   190                 9                   
34:04:14            5343                2                   190                 10                  
34:09:16            5354                2                   190                 10                  
34:14:19            5368                2                   190                 10                  
34:19:22            5382                2                   190                 10                  
34:24:46            5394                2                   190                 10                  
34:29:50            5408                2                   190                 10                  
34:34:54            5422                2                   190                 10                  
34:39:57            5436                2                   191                 10                  
34:45:00            5447                2                   191                 10                  
34:50:03            5461                2                   191                 10                  
34:55:06            5475                2                   192                 10                  
35:00:09            5489                2                   192                 10                  
35:05:12            5500                2                   192                 10                  
35:10:15            5514                2                   192                 10                  
35:15:18            5528                2                   192                 10                  
35:20:22            5542                2                   192                 10                  
35:25:25            5553                2                   192                 10                  
35:30:30            5567                2                   196                 10                  
35:35:33            5581                2                   196                 10                  
35:41:38            5594                2                   197                 10                  
35:46:41            5608                2                   197                 10                  
35:51:44            5622                2                   197                 10                  
35:56:47            5636                2                   198                 10                  
36:01:50            5647                2                   198                 10                  
36:07:01            5661                2                   198                 10                  
36:12:03            5677                2                   198                 10                  
36:17:04            5687                2                   198                 11                  
36:22:15            5704                2                   198                 11                  
36:27:19            5718                2                   198                 11                  
36:32:23            5732                2                   198                 11                  
36:37:26            5743                2                   198                 11                  
36:42:29            5757                2                   198                 11                  
36:47:32            5771                2                   199                 11                  
36:53:39            5785                2                   200                 11                  
36:58:42            5799                2                   203                 11                  
37:03:45            5813                2                   205                 11                  
37:08:48            5827                2                   206                 11                  
37:13:48            5837                2                   206                 11                  
37:18:52            5851                2                   207                 11                  
37:23:55            5865                2                   208                 11                  
37:28:58            5879                2                   209                 11                  
37:34:01            5890                2                   210                 11                  
37:39:04            5904                2                   210                 11                  
37:44:07            5918                2                   211                 11                  
37:49:11            5932                2                   211                 11                  
37:54:14            5943                2                   211                 11                  
37:59:18            5957                2                   212                 11                  
38:04:21            5971                2                   213                 11                  
38:10:48            5985                2                   215                 11                  
38:15:51            5999                2                   215                 11                  
38:20:59            6014                2                   215                 11                  
38:26:02            6028                2                   216                 11                  
38:31:04            6039                2                   216                 11                  
38:36:08            6053                2                   216                 11                  
38:41:11            6067                2                   216                 11                  
38:46:14            6081                2                   216                 11                  
38:51:17            6092                2                   217                 11                  
38:56:20            6106                2                   217                 11                  
39:01:35            6121                2                   217                 11                  
39:07:42            6135                2                   217                 11                  
39:12:45            6149                2                   218                 11                  
39:17:49            6163                2                   218                 11                  
39:22:53            6177                2                   218                 11                  
39:27:55            6188                2                   218                 11                  
39:32:59            6202                2                   221                 11                  
39:38:02            6216                2                   224                 11                  
39:43:05            6230                2                   224                 11                  
39:48:07            6241                2                   224                 11                  
39:53:16            6257                2                   225                 11                  
39:58:20            6271                2                   226                 11                  
40:04:46            6285                2                   226                 11                  
40:09:50            6299                2                   226                 11                  
40:14:53            6313                2                   226                 11                  
40:19:56            6327                2                   226                 11                  
40:24:59            6338                2                   226                 11                  
40:30:02            6352                2                   226                 11                  
40:35:05            6366                2                   226                 11                  
40:40:09            6380                2                   226                 11                  
40:45:09            6390                2                   226                 11                  
40:50:13            6404                2                   226                 11                  
40:55:30            6419                2                   228                 11                  
41:00:33            6433                2                   228                 11                  
41:05:36            6444                2                   228                 11                  
41:10:39            6458                2                   229                 11                  
41:15:43            6472                2                   231                 11                  
41:21:48            6485                2                   231                 11                  
41:26:51            6499                2                   231                 11                  
41:31:55            6513                2                   232                 11                  
41:36:58            6527                2                   232                 11                  
41:42:01            6538                2                   233                 11                  
41:47:04            6552                2                   233                 11                  
41:52:08            6566                2                   233                 11                  
41:57:11            6580                2                   234                 11                  
42:02:14            6591                2                   235                 11                  
42:07:17            6605                2                   235                 11                  
42:12:21            6619                2                   235                 11                  
42:17:24            6633                2                   235                 11                  
42:22:26            6643                2                   235                 11                  
42:27:46            6659                2                   236                 11                  
42:32:50            6673                2                   237                 11                  
42:38:09            6686                2                   238                 12                  
42:43:12            6700                2                   238                 12                  
42:48:17            6714                2                   239                 12                  
42:53:20            6728                2                   239                 12                  
42:58:21            6738                2                   239                 12                  
43:03:24            6752                2                   239                 12                  
43:08:28            6766                2                   240                 12                  
43:13:31            6780                2                   240                 12                  
43:18:34            6791                2                   240                 12                  
43:23:37            6805                2                   240                 12                  
43:28:41            6819                2                   240                 12                  
43:35:08            6833                2                   240                 12                  
43:40:11            6847                2                   240                 12                  
43:45:15            6861                2                   240                 12                  
43:50:19            6875                2                   241                 12                  
43:55:30            6884                2                   241                 13                  
44:00:34            6898                2                   241                 13                  
44:05:37            6912                2                   241                 13                  
44:10:41            6926                2                   242                 13                  
44:15:44            6937                2                   242                 13                  
44:20:48            6951                2                   242                 13                  
44:25:51            6965                2                   242                 13                  
44:32:18            6979                2                   242                 13                  
44:37:22            6993                2                   243                 13                  
44:42:26            7007                2                   245                 13                  
44:47:30            7021                2                   246                 13                  
44:52:32            7032                2                   246                 13                  
44:57:36            7046                2                   247                 13                  
45:02:39            7060                2                   247                 13                  
45:07:43            7074                2                   247                 13                  
45:12:46            7085                2                   247                 13                  
45:17:49            7099                2                   247                 13                  
45:22:53            7113                2                   247                 13                  
45:27:57            7127                2                   247                 13                  
45:32:58            7137                2                   247                 13                  
45:38:01            7151                2                   247                 13                  
45:43:05            7165                2                   247                 13                  
45:49:12            7179                2                   247                 13                  
45:54:16            7193                2                   247                 13                  
45:59:19            7207                2                   248                 13                  
46:04:23            7221                2                   248                 13                  
46:09:24            7231                2                   248                 13                  
46:14:27            7245                2                   248                 13                  
46:19:32            7259                2                   248                 13                  
46:24:35            7273                2                   248                 13                  
46:29:38            7284                2                   248                 13                  
46:34:41            7298                2                   248                 13                  
46:39:45            7312                2                   248                 13                  
46:44:48            7326                2                   248                 13                  
46:49:51            7337                2                   248                 13                  
46:54:56            7351                2                   248                 13                  
47:00:00            7365                2                   248                 13                  
47:06:28            7379                2                   248                 13                  
47:11:32            7393                2                   248                 13                  
47:16:35            7407                2                   248                 13                  
47:21:39            7421                2                   248                 13                  
47:26:42            7432                2                   248                 13                  
47:31:45            7446                2                   248                 13                  
47:36:49            7460                2                   248                 13                  
47:41:52            7474                2                   248                 13                  
47:46:56            7485                2                   249                 13                  
47:51:59            7499                2                   250                 13                  
47:57:03            7513                2                   251                 13                  
48:02:06            7527                2                   251                 13                  
48:05:24            7533                2                   252                 13                  
