Time                Round               Mutate stage        Coverage            Crash found         
00:00:17            1                   0                   2                   0                   
00:05:24            19                  0                   11                  0                   
00:10:34            37                  0                   21                  0                   
00:15:43            51                  0                   26                  0                   
00:20:49            69                  0                   30                  0                   
00:26:00            87                  0                   32                  0                   
00:31:08            101                 0                   37                  0                   
00:36:15            119                 0                   44                  0                   
00:41:26            137                 0                   48                  0                   
00:46:35            151                 0                   55                  0                   
00:51:42            169                 0                   63                  0                   
00:56:52            187                 0                   64                  0                   
01:02:01            201                 0                   65                  0                   
01:07:07            219                 0                   71                  0                   
01:12:19            237                 0                   77                  0                   
01:17:28            251                 0                   78                  0                   
01:22:35            269                 0                   84                  0                   
01:27:45            287                 0                   91                  0                   
01:32:53            301                 0                   93                  0                   
01:38:00            319                 0                   94                  0                   
01:43:08            337                 0                   101                 0                   
01:48:16            351                 0                   104                 0                   
01:53:23            369                 0                   107                 0                   
01:58:35            387                 0                   109                 0                   
02:03:44            401                 0                   111                 0                   
02:08:50            419                 0                   114                 0                   
02:13:54            437                 0                   120                 0                   
02:19:03            451                 0                   122                 0                   
02:24:09            469                 0                   124                 0                   
02:29:21            487                 0                   131                 0                   
02:34:30            501                 0                   136                 0                   
02:39:30            519                 0                   141                 0                   
02:44:41            537                 0                   144                 0                   
02:49:50            551                 0                   147                 0                   
02:54:57            569                 0                   151                 0                   
03:00:06            587                 0                   157                 0                   
03:05:14            601                 0                   158                 0                   
03:10:21            619                 0                   161                 0                   
03:15:32            637                 0                   166                 0                   
03:20:40            651                 0                   169                 0                   
03:25:47            669                 0                   175                 0                   
03:30:58            687                 0                   178                 0                   
03:35:59            701                 0                   185                 0                   
03:41:06            719                 0                   188                 0                   
03:46:16            737                 0                   192                 0                   
03:51:25            751                 0                   193                 0                   
03:56:32            769                 0                   197                 0                   
04:01:42            787                 0                   200                 0                   
04:06:50            801                 0                   203                 0                   
04:11:57            819                 0                   205                 0                   
04:17:08            837                 0                   206                 0                   
04:22:16            851                 0                   212                 0                   
04:27:23            869                 0                   218                 0                   
04:32:32            887                 0                   219                 0                   
04:37:41            901                 0                   221                 0                   
04:42:48            919                 0                   225                 0                   
04:48:00            937                 0                   228                 0                   
04:53:09            951                 0                   228                 0                   
04:58:16            969                 0                   229                 0                   
05:03:26            987                 0                   232                 0                   
05:08:35            1001                0                   233                 0                   
05:13:42            1019                0                   236                 0                   
05:18:53            1037                0                   237                 0                   
05:24:01            1051                0                   239                 0                   
05:29:08            1069                0                   239                 0                   
05:34:25            1088                0                   242                 0                   
05:39:33            1102                0                   243                 0                   
05:44:40            1120                0                   247                 0                   
05:49:52            1138                0                   251                 0                   
05:55:00            1152                0                   256                 0                   
06:00:07            1170                0                   259                 0                   
06:05:20            1188                0                   259                 0                   
06:10:28            1202                0                   262                 0                   
06:15:35            1220                0                   263                 0                   
06:20:47            1238                0                   263                 0                   
06:25:55            1252                0                   266                 0                   
06:31:02            1270                0                   269                 0                   
06:36:13            1288                0                   270                 0                   
06:41:21            1302                0                   271                 0                   
06:46:28            1320                0                   272                 0                   
06:51:39            1338                0                   273                 0                   
06:56:47            1352                0                   274                 0                   
07:01:55            1370                0                   276                 0                   
07:07:07            1388                0                   278                 0                   
07:12:15            1402                0                   279                 0                   
07:17:22            1420                0                   283                 0                   
07:22:35            1438                0                   285                 0                   
07:27:43            1452                0                   285                 0                   
07:32:43            1470                0                   288                 0                   
07:37:55            1488                0                   293                 0                   
07:43:03            1502                0                   295                 0                   
07:48:04            1520                0                   296                 0                   
07:53:15            1538                0                   302                 0                   
07:58:23            1552                0                   306                 0                   
08:03:31            1570                0                   314                 0                   
08:08:43            1588                0                   317                 0                   
08:13:52            1602                0                   321                 0                   
08:18:59            1620                0                   328                 0                   
08:24:05            1638                0                   333                 0                   
08:29:13            1652                0                   337                 0                   
08:34:20            1670                0                   339                 0                   
08:39:33            1688                0                   342                 0                   
08:44:41            1702                0                   345                 0                   
08:49:48            1720                0                   348                 0                   
08:55:01            1738                0                   353                 0                   
09:00:08            1752                0                   358                 0                   
09:05:16            1770                0                   359                 0                   
09:10:16            1788                0                   362                 0                   
09:15:24            1802                0                   363                 0                   
09:20:31            1820                0                   364                 0                   
09:25:43            1838                0                   366                 0                   
09:30:51            1852                0                   370                 0                   
09:35:58            1870                0                   374                 0                   
09:41:11            1888                0                   376                 0                   
09:46:19            1902                0                   381                 0                   
09:51:26            1920                0                   382                 0                   
09:56:37            1938                0                   383                 0                   
10:01:45            1952                0                   384                 0                   
10:06:53            1970                0                   385                 0                   
10:12:05            1988                0                   387                 0                   
10:17:13            2002                0                   390                 0                   
10:22:21            2020                0                   394                 0                   
10:27:33            2038                0                   397                 0                   
10:32:41            2052                0                   401                 0                   
10:37:48            2070                0                   405                 0                   
10:42:59            2088                0                   408                 0                   
10:48:07            2102                0                   410                 0                   
10:53:15            2120                0                   412                 0                   
10:58:27            2138                0                   416                 0                   
11:03:35            2152                0                   419                 0                   
11:08:42            2170                0                   421                 0                   
11:13:54            2188                0                   421                 0                   
11:19:03            2202                0                   423                 0                   
11:24:10            2220                0                   424                 0                   
11:29:22            2238                0                   426                 0                   
11:34:30            2252                0                   431                 0                   
11:39:38            2270                0                   433                 0                   
11:44:50            2288                0                   441                 0                   
11:49:57            2302                0                   443                 0                   
11:55:04            2320                0                   447                 0                   
12:00:16            2338                0                   448                 0                   
12:05:23            2352                0                   451                 0                   
12:10:30            2370                0                   457                 0                   
12:15:44            2388                0                   459                 0                   
12:20:52            2402                0                   461                 0                   
12:26:00            2420                0                   463                 0                   
12:31:10            2438                0                   465                 0                   
12:36:19            2452                0                   467                 0                   
12:41:26            2470                0                   468                 0                   
12:46:38            2488                0                   471                 0                   
12:51:46            2502                0                   477                 0                   
12:56:53            2520                0                   481                 0                   
13:02:04            2538                0                   484                 0                   
13:07:12            2552                0                   489                 0                   
13:12:19            2570                0                   491                 0                   
13:17:31            2588                0                   491                 0                   
13:22:39            2602                0                   494                 0                   
13:27:51            2621                0                   496                 0                   
13:33:01            2639                0                   499                 0                   
13:38:08            2653                0                   501                 0                   
13:43:16            2671                0                   502                 0                   
13:48:26            2689                0                   504                 0                   
13:53:32            2703                0                   505                 0                   
13:58:40            2721                0                   509                 0                   
14:03:52            2739                0                   510                 0                   
14:08:59            2753                0                   511                 0                   
14:14:06            2771                0                   512                 0                   
14:19:18            2789                0                   512                 0                   
14:24:26            2803                0                   512                 0                   
14:29:33            2821                0                   513                 0                   
14:34:46            2839                0                   516                 0                   
14:39:53            2853                0                   516                 0                   
14:45:00            2871                0                   518                 0                   
14:50:12            2889                0                   518                 0                   
14:55:20            2903                0                   519                 0                   
15:00:27            2921                0                   525                 0                   
15:05:39            2939                0                   530                 0                   
15:10:46            2953                0                   534                 0                   
15:15:53            2971                0                   537                 0                   
15:21:07            2989                0                   538                 0                   
15:26:14            3003                0                   541                 0                   
15:31:14            3021                0                   544                 0                   
15:36:27            3039                0                   546                 0                   
15:41:35            3053                0                   546                 0                   
15:46:42            3071                0                   549                 0                   
15:51:54            3089                0                   552                 0                   
15:57:01            3103                0                   555                 0                   
16:02:08            3121                0                   556                 0                   
16:07:22            3139                0                   558                 0                   
16:12:33            3154                0                   561                 0                   
16:17:34            3172                0                   562                 0                   
16:22:46            3190                0                   563                 0                   
16:27:53            3204                0                   563                 0                   
16:33:00            3222                0                   567                 0                   
16:38:14            3240                0                   569                 0                   
16:43:20            3254                0                   571                 0                   
16:48:28            3272                0                   571                 0                   
16:53:40            3290                0                   571                 0                   
16:58:46            3304                0                   572                 0                   
17:03:47            3322                0                   574                 0                   
17:08:59            3340                0                   576                 0                   
17:14:05            3354                0                   576                 0                   
17:19:13            3372                0                   577                 0                   
17:24:26            3390                0                   578                 0                   
17:29:33            3404                0                   578                 0                   
17:34:40            3422                0                   579                 0                   
17:39:45            3440                0                   579                 0                   
17:44:51            3454                0                   580                 0                   
17:49:59            3472                0                   582                 0                   
17:55:13            3490                0                   582                 0                   
18:00:20            3504                0                   583                 0                   
18:05:27            3522                0                   583                 0                   
18:10:41            3540                0                   585                 0                   
18:15:48            3554                0                   585                 0                   
18:20:56            3572                0                   587                 0                   
18:26:10            3590                0                   590                 0                   
18:31:16            3604                0                   591                 0                   
18:36:24            3622                0                   594                 0                   
18:41:37            3640                0                   596                 0                   
18:46:44            3654                0                   599                 0                   
18:51:51            3672                0                   599                 0                   
18:57:05            3690                0                   605                 0                   
19:02:12            3704                0                   606                 0                   
19:07:20            3722                0                   608                 0                   
19:12:33            3740                0                   614                 0                   
19:17:39            3754                0                   615                 0                   
19:22:46            3772                0                   615                 0                   
19:28:00            3790                0                   617                 0                   
19:33:07            3804                0                   617                 0                   
19:38:14            3822                0                   617                 0                   
19:43:29            3840                0                   619                 0                   
19:48:36            3854                0                   620                 0                   
19:53:44            3872                0                   620                 0                   
19:58:57            3890                0                   620                 0                   
20:04:04            3904                0                   623                 0                   
20:09:12            3922                0                   624                 0                   
20:14:25            3940                0                   624                 0                   
20:19:32            3954                0                   624                 0                   
20:24:39            3972                0                   624                 0                   
20:29:53            3990                0                   625                 0                   
20:35:00            4004                0                   626                 0                   
20:40:07            4022                0                   626                 0                   
20:45:21            4040                0                   627                 0                   
20:50:27            4054                0                   627                 0                   
20:55:35            4072                0                   627                 0                   
21:00:49            4090                0                   630                 0                   
21:05:56            4104                0                   630                 0                   
21:11:04            4122                0                   631                 0                   
21:16:12            4140                0                   631                 0                   
21:21:19            4154                0                   632                 0                   
21:26:26            4172                0                   633                 0                   
21:31:40            4190                0                   634                 0                   
21:36:46            4204                0                   635                 0                   
21:41:54            4222                0                   636                 0                   
21:47:08            4240                0                   636                 0                   
21:52:14            4254                0                   636                 0                   
21:57:22            4272                0                   638                 0                   
22:02:36            4290                0                   643                 0                   
22:07:42            4304                0                   644                 0                   
22:12:50            4322                0                   644                 0                   
22:18:05            4340                0                   645                 0                   
22:23:12            4354                0                   645                 0                   
22:28:20            4372                0                   645                 0                   
22:33:33            4390                0                   646                 0                   
22:38:40            4404                0                   646                 0                   
22:43:48            4422                0                   647                 0                   
22:49:01            4440                0                   647                 0                   
22:54:18            4455                0                   647                 0                   
22:59:26            4473                0                   647                 0                   
23:04:33            4491                0                   652                 0                   
23:09:39            4505                0                   652                 0                   
23:14:47            4523                0                   654                 0                   
23:20:00            4541                0                   654                 0                   
23:25:06            4555                0                   656                 0                   
23:30:14            4573                0                   657                 0                   
23:35:28            4591                0                   660                 0                   
23:40:34            4605                0                   661                 0                   
23:45:42            4623                0                   663                 0                   
23:50:50            4641                0                   665                 0                   
23:55:56            4655                0                   667                 0                   
24:01:03            4673                0                   675                 0                   
24:06:17            4691                0                   676                 0                   
24:11:23            4705                0                   678                 0                   
24:16:31            4723                0                   681                 0                   
24:21:45            4741                0                   683                 0                   
24:26:51            4755                0                   684                 0                   
24:31:58            4773                0                   686                 0                   
24:37:13            4791                0                   688                 0                   
24:42:18            4805                0                   689                 0                   
24:47:26            4823                0                   689                 0                   
24:52:40            4841                0                   689                 0                   
24:57:46            4855                0                   691                 0                   
25:02:54            4873                0                   691                 0                   
25:08:08            4891                0                   692                 0                   
25:13:14            4905                0                   693                 0                   
25:18:22            4923                0                   694                 0                   
25:23:36            4941                0                   694                 0                   
25:28:41            4955                0                   695                 0                   
25:33:49            4973                0                   696                 0                   
25:39:04            4991                0                   697                 0                   
25:44:10            5005                0                   697                 0                   
25:49:18            5023                0                   698                 0                   
25:54:32            5041                0                   699                 0                   
25:59:38            5055                0                   701                 0                   
26:04:45            5073                0                   701                 0                   
26:09:59            5091                0                   701                 0                   
26:15:05            5105                0                   701                 0                   
26:20:12            5123                0                   702                 0                   
26:25:27            5141                0                   702                 0                   
26:30:33            5155                0                   703                 0                   
26:35:41            5173                0                   705                 0                   
26:40:55            5191                0                   706                 0                   
26:46:01            5205                0                   709                 0                   
26:51:10            5223                0                   710                 0                   
26:56:24            5241                0                   710                 0                   
27:01:29            5255                0                   713                 0                   
27:06:37            5273                0                   713                 0                   
27:11:52            5291                0                   714                 0                   
27:16:58            5305                0                   714                 0                   
27:22:06            5323                0                   715                 0                   
27:27:19            5341                0                   715                 0                   
27:32:36            5356                0                   716                 0                   
27:37:43            5374                0                   716                 0                   
27:42:53            5392                0                   717                 0                   
27:47:58            5406                0                   719                 0                   
27:53:06            5424                0                   719                 0                   
27:58:22            5442                0                   720                 0                   
28:03:27            5456                0                   721                 0                   
28:08:35            5474                0                   721                 0                   
28:13:50            5492                0                   723                 0                   
28:19:00            5507                0                   725                 0                   
28:24:07            5525                0                   725                 0                   
28:29:20            5543                0                   725                 0                   
28:34:25            5557                0                   726                 0                   
28:39:27            5575                0                   727                 0                   
28:44:40            5593                0                   727                 0                   
28:49:44            5607                0                   732                 0                   
28:54:52            5625                0                   732                 0                   
29:00:06            5643                0                   733                 0                   
29:05:11            5657                0                   736                 0                   
29:10:18            5675                0                   739                 0                   
29:15:34            5693                0                   739                 0                   
29:20:39            5707                0                   743                 0                   
29:25:46            5725                0                   744                 0                   
29:31:02            5743                0                   745                 0                   
29:36:07            5757                0                   745                 0                   
29:41:16            5775                0                   746                 0                   
29:46:32            5793                0                   748                 0                   
29:51:37            5807                0                   752                 0                   
29:56:44            5825                0                   754                 0                   
30:01:58            5843                0                   757                 0                   
30:07:03            5857                0                   761                 0                   
30:12:11            5875                0                   762                 0                   
30:17:26            5893                0                   762                 0                   
30:22:31            5907                0                   765                 0                   
30:27:39            5925                0                   766                 0                   
30:32:55            5943                0                   769                 0                   
30:37:59            5957                0                   773                 0                   
30:43:07            5975                0                   775                 0                   
30:48:22            5993                0                   776                 0                   
30:53:27            6007                0                   780                 0                   
30:58:35            6025                0                   781                 0                   
31:03:50            6043                0                   783                 0                   
31:08:55            6057                0                   783                 0                   
31:14:03            6075                0                   785                 0                   
31:19:18            6093                0                   787                 0                   
31:24:23            6107                0                   792                 0                   
31:29:31            6125                0                   793                 0                   
31:34:47            6143                0                   794                 0                   
31:39:51            6157                0                   796                 0                   
31:44:59            6175                0                   799                 0                   
31:50:13            6193                0                   802                 0                   
31:55:18            6207                0                   805                 0                   
32:00:25            6225                0                   807                 0                   
32:05:41            6243                0                   807                 0                   
32:10:46            6257                0                   807                 0                   
32:15:54            6275                0                   808                 0                   
32:21:09            6293                0                   810                 0                   
32:26:14            6307                0                   812                 0                   
32:31:22            6325                0                   814                 0                   
32:36:37            6343                0                   817                 0                   
32:41:43            6357                0                   817                 0                   
32:46:50            6375                0                   819                 0                   
32:52:06            6393                0                   820                 0                   
32:57:10            6407                0                   823                 0                   
33:02:18            6425                0                   824                 0                   
33:07:34            6443                0                   824                 0                   
33:12:39            6457                0                   825                 0                   
33:17:47            6475                0                   825                 0                   
33:22:55            6493                0                   826                 0                   
33:28:00            6507                0                   828                 0                   
33:33:08            6525                0                   831                 0                   
33:38:23            6543                0                   837                 0                   
33:43:29            6557                0                   837                 0                   
33:48:36            6575                0                   840                 0                   
33:53:52            6593                0                   843                 0                   
33:58:57            6607                0                   845                 0                   
34:04:05            6625                0                   848                 0                   
34:09:21            6643                0                   851                 0                   
34:14:26            6657                0                   851                 0                   
34:19:34            6675                0                   856                 0                   
34:24:49            6693                0                   857                 0                   
34:29:55            6707                0                   859                 0                   
34:34:56            6725                0                   859                 0                   
34:40:10            6743                0                   859                 0                   
34:45:26            6758                0                   859                 0                   
34:50:38            6777                0                   859                 0                   
34:55:54            6795                0                   864                 0                   
35:00:58            6809                0                   868                 0                   
35:06:07            6827                0                   869                 0                   
35:11:22            6845                0                   872                 0                   
35:16:27            6859                0                   873                 0                   
35:21:35            6877                0                   875                 0                   
35:26:53            6895                0                   875                 0                   
35:31:57            6909                0                   876                 0                   
35:37:05            6927                0                   876                 0                   
35:42:21            6945                0                   876                 0                   
35:47:26            6959                0                   876                 0                   
35:52:34            6977                0                   876                 0                   
35:57:50            6995                0                   879                 0                   
36:02:55            7009                0                   879                 0                   
36:08:03            7027                0                   880                 0                   
36:13:20            7045                0                   880                 0                   
36:18:25            7059                0                   882                 0                   
36:23:33            7077                0                   883                 0                   
36:28:50            7095                0                   884                 0                   
36:33:54            7109                0                   886                 0                   
36:39:02            7127                0                   886                 0                   
36:44:17            7145                0                   886                 0                   
36:49:21            7159                0                   887                 0                   
36:54:30            7177                0                   888                 0                   
36:59:45            7195                0                   891                 0                   
37:04:49            7209                0                   891                 0                   
37:09:58            7227                0                   891                 0                   
37:15:14            7245                0                   894                 0                   
37:20:18            7259                0                   895                 0                   
37:25:26            7277                0                   897                 0                   
37:30:35            7295                0                   899                 0                   
37:35:40            7309                0                   900                 0                   
37:40:48            7327                0                   903                 0                   
37:46:06            7345                0                   905                 0                   
37:51:10            7359                0                   906                 0                   
37:56:18            7377                0                   907                 0                   
38:01:35            7395                0                   910                 0                   
38:06:40            7409                0                   913                 0                   
38:11:48            7427                0                   915                 0                   
38:17:04            7445                0                   915                 0                   
38:22:09            7459                0                   915                 0                   
38:27:17            7477                0                   915                 0                   
38:32:33            7495                0                   915                 0                   
38:37:38            7509                0                   916                 0                   
38:42:46            7527                0                   918                 0                   
38:48:02            7545                0                   918                 0                   
38:53:07            7559                0                   919                 0                   
38:58:16            7577                0                   920                 0                   
39:03:32            7595                0                   922                 0                   
39:08:37            7609                0                   924                 0                   
39:13:45            7627                0                   926                 0                   
39:18:54            7645                0                   928                 0                   
39:23:59            7659                0                   928                 0                   
39:29:07            7677                0                   929                 0                   
39:34:23            7695                0                   929                 0                   
39:39:28            7709                0                   930                 0                   
39:44:37            7727                0                   931                 0                   
39:49:54            7745                0                   933                 0                   
39:54:59            7759                0                   933                 0                   
40:00:07            7777                0                   933                 0                   
40:05:23            7795                0                   933                 0                   
40:10:28            7809                0                   933                 0                   
40:15:36            7827                0                   933                 0                   
40:20:37            7844                1                   933                 0                   
40:25:42            7858                1                   934                 0                   
40:30:44            7876                1                   935                 0                   
40:36:00            7894                1                   935                 0                   
40:41:05            7908                1                   935                 0                   
40:46:08            7926                1                   936                 0                   
40:51:17            7945                1                   938                 0                   
40:56:32            7960                1                   939                 0                   
41:01:40            7978                1                   940                 0                   
41:06:57            7996                1                   941                 0                   
41:12:11            8011                1                   945                 0                   
41:17:13            8029                1                   947                 0                   
41:22:30            8047                1                   948                 0                   
41:27:34            8061                1                   949                 0                   
41:32:47            8080                1                   949                 0                   
41:38:05            8098                1                   950                 0                   
41:43:08            8112                1                   952                 0                   
41:48:16            8130                1                   954                 0                   
41:53:18            8147                1                   957                 0                   
41:58:22            8161                1                   957                 0                   
42:03:30            8179                1                   960                 0                   
42:08:36            8197                1                   965                 0                   
42:13:39            8211                1                   967                 0                   
42:18:48            8229                1                   968                 0                   
42:24:03            8247                1                   969                 0                   
42:29:06            8261                1                   974                 0                   
42:34:15            8279                1                   974                 0                   
42:39:16            8296                1                   978                 0                   
42:44:20            8310                1                   981                 0                   
42:49:29            8328                1                   982                 0                   
42:54:46            8346                1                   985                 0                   
42:59:49            8360                1                   990                 0                   
43:04:58            8378                1                   992                 0                   
43:10:15            8396                1                   995                 0                   
43:15:18            8410                1                   996                 0                   
43:20:31            8429                1                   996                 0                   
43:25:49            8447                1                   999                 0                   
43:30:52            8461                1                   1000                0                   
43:35:54            8479                1                   1002                0                   
43:41:03            8498                1                   1002                0                   
43:46:12            8513                1                   1003                0                   
43:51:22            8531                1                   1006                0                   
43:56:22            8548                1                   1006                0                   
44:01:26            8562                1                   1008                0                   
44:06:34            8580                1                   1014                0                   
44:11:45            8598                1                   1015                0                   
44:16:48            8612                1                   1016                0                   
44:21:57            8630                1                   1018                0                   
44:27:11            8649                1                   1021                0                   
44:32:13            8663                1                   1023                0                   
44:37:22            8681                1                   1025                0                   
44:42:22            8698                1                   1026                0                   
44:47:30            8712                1                   1027                0                   
44:52:39            8730                1                   1030                0                   
44:57:39            8747                1                   1031                0                   
45:02:43            8761                1                   1031                0                   
45:07:56            8780                1                   1032                0                   
45:12:57            8797                1                   1033                0                   
45:18:01            8811                1                   1036                0                   
45:23:09            8829                1                   1038                0                   
45:28:10            8846                1                   1039                0                   
45:33:14            8860                1                   1040                0                   
45:38:22            8878                1                   1041                0                   
45:43:23            8895                1                   1041                0                   
45:48:31            8910                1                   1041                0                   
45:53:40            8928                1                   1042                0                   
45:58:42            8945                1                   1044                0                   
46:03:57            8960                1                   1045                0                   
46:09:05            8978                1                   1045                0                   
46:14:22            8996                1                   1045                0                   
46:19:26            9010                1                   1046                0                   
46:24:36            9028                1                   1046                0                   
46:29:53            9046                1                   1046                0                   
46:34:57            9060                1                   1048                0                   
46:40:06            9078                1                   1051                0                   
46:45:22            9096                1                   1054                0                   
46:50:31            9110                1                   1054                0                   
46:55:40            9128                1                   1054                0                   
47:00:44            9146                1                   1057                0                   
47:05:55            9161                1                   1057                0                   
47:11:03            9179                1                   1060                0                   
47:16:18            9198                1                   1061                0                   
47:21:21            9212                1                   1062                0                   
47:26:29            9230                1                   1063                0                   
47:31:30            9247                1                   1064                0                   
47:36:33            9261                1                   1064                0                   
47:41:42            9279                1                   1065                0                   
47:47:00            9297                1                   1066                0                   
47:52:13            9315                1                   1071                0                   
47:57:17            9333                1                   1072                0                   
48:03:19            9350                1                   1074                0                   
48:08:24            9369                1                   1077                0                   
48:13:38            9387                1                   1078                0                   
48:18:47            9401                1                   1078                0                   
48:23:55            9419                1                   1082                0                   
48:29:07            9437                1                   1082                0                   
48:34:16            9451                1                   1084                0                   
48:39:24            9469                1                   1086                0                   
48:44:34            9487                1                   1088                0                   
48:49:43            9501                1                   1090                0                   
48:54:51            9519                1                   1091                0                   
49:00:04            9537                1                   1092                0                   
49:05:13            9551                1                   1095                0                   
49:10:21            9569                1                   1095                0                   
49:15:34            9587                1                   1098                0                   
49:20:43            9601                1                   1098                0                   
49:25:51            9619                1                   1099                0                   
49:30:45            9636                1                   1102                0                   