Time                Round               Mutate stage        Coverage            Crash found         
00:00:09            1                   0                   1                   0                   
00:05:18            37                  0                   7                   0                   
00:10:23            62                  0                   13                  0                   
00:15:47            86                  0                   15                  0                   
00:20:52            105                 0                   15                  0                   
00:25:52            141                 0                   18                  0                   
00:30:53            161                 0                   19                  0                   
00:35:58            179                 0                   20                  0                   
00:41:08            204                 0                   23                  0                   
00:46:08            230                 0                   23                  0                   
00:51:11            245                 0                   23                  0                   
00:56:17            268                 0                   23                  0                   
01:02:11            300                 0                   26                  0                   
01:07:18            324                 0                   27                  0                   
01:12:22            345                 0                   28                  0                   
01:17:30            357                 0                   29                  0                   
01:22:58            369                 0                   30                  0                   
01:28:03            391                 0                   35                  0                   
01:33:05            412                 0                   37                  0                   
01:38:16            429                 0                   38                  0                   
01:43:43            454                 0                   40                  0                   
01:48:55            466                 0                   40                  0                   
01:54:02            489                 0                   40                  0                   
01:59:04            506                 0                   45                  1                   
02:04:23            527                 0                   48                  1                   
02:10:23            550                 0                   51                  1                   
02:15:32            575                 0                   53                  1                   
02:21:39            600                 0                   53                  1                   
02:26:42            620                 0                   53                  1                   
02:31:46            642                 0                   54                  1                   
02:36:57            651                 0                   55                  1                   
02:42:08            662                 0                   57                  1                   
02:47:10            680                 0                   57                  1                   
02:52:26            697                 0                   57                  1                   
02:57:32            715                 0                   58                  1                   
03:02:35            737                 0                   58                  1                   
03:07:38            763                 0                   60                  1                   
03:12:40            786                 0                   61                  1                   
03:18:02            798                 0                   61                  1                   
03:23:07            814                 0                   61                  1                   
03:28:11            841                 0                   62                  1                   
03:33:21            855                 0                   62                  1                   
03:38:29            867                 0                   62                  1                   
03:43:32            893                 0                   63                  1                   
03:48:37            921                 0                   64                  1                   
03:54:21            941                 0                   66                  2                   
03:59:24            962                 0                   67                  2                   
04:04:36            990                 0                   69                  2                   
04:09:45            1009                0                   70                  2                   
04:14:50            1029                0                   70                  2                   
04:20:05            1047                0                   73                  2                   
04:25:17            1075                0                   76                  2                   
04:31:22            1091                0                   78                  2                   
04:36:28            1117                0                   78                  2                   
04:41:34            1139                0                   78                  2                   
04:46:48            1149                0                   80                  2                   
04:52:00            1165                0                   80                  2                   
04:57:17            1179                0                   80                  2                   
05:02:25            1190                0                   81                  2                   
05:07:35            1199                0                   82                  2                   
05:13:01            1211                0                   82                  2                   
05:18:24            1223                0                   82                  2                   
05:24:35            1241                0                   82                  2                   
05:29:45            1257                0                   82                  2                   
05:34:57            1277                0                   84                  2                   
05:40:04            1293                0                   85                  2                   
05:45:15            1311                0                   88                  2                   
05:50:21            1341                0                   89                  2                   
05:55:25            1370                0                   89                  2                   
06:00:32            1384                0                   89                  2                   
06:05:42            1396                0                   90                  2                   
06:10:48            1417                0                   91                  2                   
06:15:50            1436                0                   92                  2                   
06:21:17            1461                0                   92                  2                   
06:26:20            1473                0                   92                  2                   
06:32:11            1491                0                   92                  2                   
06:37:29            1509                0                   93                  2                   
06:42:31            1535                0                   95                  2                   
06:47:45            1556                0                   96                  2                   
06:53:40            1575                0                   96                  3                   
06:58:41            1594                0                   96                  4                   
07:03:44            1623                0                   99                  4                   
07:09:46            1639                0                   101                 5                   
07:14:49            1650                0                   102                 5                   
07:20:03            1672                0                   104                 5                   
07:25:20            1690                0                   104                 5                   
07:30:25            1716                0                   104                 5                   
07:35:34            1739                0                   105                 5                   
07:40:41            1756                0                   105                 5                   
07:45:47            1788                0                   106                 5                   
07:50:49            1807                0                   109                 5                   
07:55:49            1822                0                   109                 5                   
08:00:56            1836                0                   111                 5                   
08:05:57            1852                0                   111                 5                   
08:11:03            1875                0                   112                 5                   
08:16:18            1895                0                   113                 5                   
08:21:42            1911                0                   114                 5                   
08:27:00            1922                0                   114                 5                   
08:32:02            1935                0                   114                 5                   
08:37:15            1949                0                   114                 5                   
08:42:27            1960                0                   114                 5                   
08:47:45            1971                0                   115                 5                   
08:52:54            1982                0                   117                 5                   
08:58:08            1991                0                   118                 5                   
09:03:15            2001                0                   118                 5                   
09:08:29            2013                0                   118                 5                   
09:13:37            2026                0                   120                 5                   
09:18:58            2039                0                   120                 5                   
09:24:03            2052                0                   120                 5                   
09:29:31            2066                0                   120                 5                   
09:34:58            2090                0                   122                 5                   
09:40:05            2107                0                   122                 5                   
09:45:17            2129                0                   123                 5                   
09:50:18            2146                0                   123                 5                   
09:55:19            2163                0                   123                 5                   
10:00:20            2178                0                   125                 6                   
10:05:23            2211                0                   126                 6                   
10:10:40            2233                0                   127                 6                   
10:15:51            2250                0                   127                 6                   
10:21:13            2267                0                   129                 6                   
10:26:38            2277                0                   131                 6                   
10:31:49            2299                0                   132                 6                   
10:36:49            2317                0                   132                 6                   
10:41:58            2337                0                   132                 6                   
10:47:07            2355                0                   132                 6                   
10:52:18            2368                0                   133                 6                   
10:57:21            2390                0                   133                 6                   
11:02:27            2408                0                   135                 6                   
11:07:30            2425                0                   138                 6                   
11:12:37            2450                0                   140                 6                   
11:17:43            2471                0                   142                 6                   
11:22:46            2494                0                   142                 6                   
11:29:06            2521                0                   147                 7                   
11:34:08            2547                0                   147                 7                   
11:40:02            2572                0                   148                 7                   
11:45:10            2602                0                   149                 7                   
11:51:29            2615                0                   149                 9                   
11:56:34            2633                0                   151                 9                   
12:01:48            2657                0                   152                 9                   
12:07:00            2675                0                   152                 9                   
12:12:05            2698                0                   152                 9                   
12:17:54            2716                0                   153                 10                  
12:23:04            2732                0                   155                 10                  
12:28:11            2753                0                   156                 10                  
12:33:17            2772                0                   156                 10                  
12:38:32            2797                0                   158                 10                  
12:43:42            2814                0                   159                 10                  
12:48:46            2838                0                   161                 10                  
12:54:05            2859                0                   162                 10                  
12:59:17            2869                0                   165                 10                  
13:04:22            2886                0                   166                 10                  
13:09:35            2904                0                   167                 10                  
13:14:49            2924                0                   168                 10                  
13:20:10            2942                0                   168                 10                  
13:25:10            2966                0                   168                 10                  
13:30:24            2984                0                   168                 10                  
13:35:38            3001                0                   168                 10                  
13:40:46            3017                1                   168                 10                  
13:46:05            3029                1                   168                 10                  
13:51:15            3045                1                   168                 10                  
13:56:28            3057                1                   168                 10                  
14:02:15            3067                1                   168                 10                  
14:07:35            3079                1                   168                 10                  
14:12:53            3092                1                   170                 10                  
14:17:55            3103                1                   170                 10                  
14:23:09            3113                1                   170                 10                  
14:28:10            3121                1                   170                 10                  
14:33:26            3132                1                   170                 10                  
14:38:28            3143                1                   170                 10                  
14:43:49            3155                1                   170                 10                  
14:49:09            3166                1                   170                 10                  
14:54:13            3176                1                   171                 10                  
14:59:27            3197                1                   172                 10                  
15:04:40            3213                1                   172                 10                  
15:09:56            3223                1                   172                 10                  
15:15:01            3250                1                   178                 10                  
15:20:03            3269                1                   178                 10                  
15:25:13            3288                1                   179                 10                  
15:30:23            3305                1                   179                 10                  
15:35:33            3323                1                   179                 10                  
15:40:51            3338                1                   181                 10                  
15:46:07            3351                1                   182                 10                  
15:51:14            3376                1                   182                 10                  
15:56:19            3398                1                   185                 11                  
16:01:20            3423                1                   185                 11                  
16:06:25            3441                1                   185                 11                  
16:11:39            3457                1                   185                 11                  
16:16:51            3474                1                   185                 11                  
16:21:55            3487                1                   185                 11                  
16:27:15            3501                1                   185                 11                  
16:32:34            3513                1                   185                 11                  
16:37:36            3526                1                   187                 11                  
16:43:55            3538                1                   187                 11                  
16:49:02            3550                1                   187                 11                  
16:54:09            3570                1                   187                 11                  
16:59:24            3588                1                   187                 11                  
17:04:38            3597                1                   187                 12                  
17:09:39            3625                1                   187                 12                  
17:14:59            3638                1                   188                 12                  
17:20:13            3649                1                   188                 12                  
17:25:25            3671                1                   188                 12                  
17:30:33            3686                1                   188                 12                  
17:35:51            3698                1                   189                 12                  
17:40:57            3716                1                   189                 12                  
17:45:58            3738                1                   189                 12                  
17:52:14            3752                1                   190                 13                  
17:57:20            3778                1                   192                 13                  
18:03:24            3803                1                   192                 13                  
18:08:37            3834                1                   193                 13                  
18:13:41            3852                1                   193                 13                  
18:18:43            3878                1                   194                 13                  
18:24:06            3903                1                   194                 13                  
18:29:18            3921                1                   194                 14                  
18:34:36            3932                1                   194                 16                  
18:39:47            3960                1                   195                 16                  
18:45:12            3983                1                   195                 16                  
18:50:17            4015                1                   195                 16                  
18:56:23            4033                1                   196                 16                  
19:02:03            4053                1                   198                 17                  
19:07:14            4072                1                   198                 17                  
19:12:24            4096                1                   200                 17                  
19:17:30            4113                1                   200                 17                  
19:22:35            4130                1                   200                 17                  
19:27:36            4153                1                   201                 17                  
19:32:40            4170                1                   202                 17                  
19:38:51            4194                1                   202                 18                  
19:43:55            4210                1                   202                 18                  
19:48:57            4227                1                   205                 18                  
19:54:58            4245                1                   205                 18                  
20:00:13            4266                1                   205                 18                  
20:05:26            4293                1                   205                 18                  
20:10:31            4314                1                   205                 18                  
20:15:31            4332                1                   207                 18                  
20:20:51            4349                1                   207                 18                  
20:25:53            4376                1                   207                 18                  
20:30:55            4401                1                   208                 18                  
20:36:08            4421                1                   208                 18                  
20:41:31            4436                1                   208                 18                  
20:46:33            4448                1                   208                 18                  
20:51:56            4465                1                   208                 18                  
20:57:07            4480                1                   208                 18                  
21:02:28            4493                1                   209                 18                  
21:07:33            4502                1                   210                 18                  
21:12:35            4520                1                   210                 18                  
21:17:48            4542                1                   211                 18                  
21:22:53            4560                1                   212                 18                  
21:28:00            4575                1                   212                 18                  
21:33:04            4598                1                   212                 18                  
21:38:30            4617                1                   213                 18                  
21:43:43            4629                1                   213                 18                  
21:49:05            4642                1                   213                 18                  
21:54:06            4650                1                   213                 18                  
21:59:16            4669                1                   213                 18                  
22:04:34            4683                1                   213                 18                  
22:10:02            4694                1                   213                 18                  
22:15:28            4703                1                   215                 18                  
22:20:30            4714                1                   215                 18                  
22:25:46            4728                1                   216                 18                  
22:31:12            4741                1                   216                 18                  
22:36:32            4749                1                   216                 18                  
22:41:51            4760                1                   216                 18                  
22:46:56            4771                1                   216                 18                  
22:52:19            4782                1                   216                 18                  
22:57:52            4794                1                   216                 18                  
23:02:54            4803                1                   216                 18                  
23:08:12            4815                1                   217                 18                  
23:13:28            4829                1                   217                 18                  
23:18:32            4843                1                   218                 18                  
23:23:38            4857                1                   219                 18                  
23:28:52            4877                1                   219                 18                  
23:33:58            4890                1                   219                 18                  
23:39:02            4908                1                   219                 18                  
23:44:04            4939                1                   220                 18                  
23:49:14            4964                1                   222                 18                  
23:55:24            4995                1                   227                 18                  
24:00:34            5013                1                   227                 18                  
24:05:34            5038                1                   227                 18                  
24:10:48            5056                1                   228                 18                  
24:15:48            5074                1                   230                 18                  
24:20:50            5089                1                   231                 18                  
24:26:09            5100                1                   231                 18                  
24:31:23            5113                1                   231                 18                  
24:37:45            5135                1                   231                 19                  
24:42:53            5163                1                   231                 19                  
24:48:00            5183                1                   231                 20                  
24:53:00            5211                1                   232                 20                  
24:58:15            5235                1                   232                 20                  
25:03:19            5248                1                   232                 20                  
25:08:23            5266                1                   233                 20                  
25:13:32            5276                1                   233                 20                  
25:18:43            5293                1                   234                 20                  
25:24:02            5309                1                   234                 20                  
25:29:27            5321                1                   235                 20                  
25:34:57            5335                1                   237                 20                  
25:40:14            5347                1                   237                 20                  
25:45:17            5358                1                   238                 20                  
25:50:28            5372                1                   240                 20                  
25:55:37            5393                1                   242                 20                  
26:00:44            5412                1                   242                 20                  
26:05:49            5436                1                   242                 20                  
26:10:50            5447                1                   242                 20                  
26:16:08            5459                1                   242                 20                  
26:21:11            5470                1                   242                 20                  
26:26:16            5492                1                   243                 20                  
26:31:32            5511                1                   244                 20                  
26:36:44            5523                1                   244                 20                  
26:41:56            5539                1                   244                 20                  
26:47:05            5563                1                   244                 20                  
26:52:12            5576                1                   245                 20                  
26:57:12            5594                1                   246                 20                  
27:02:12            5620                1                   249                 20                  
27:07:15            5640                1                   250                 20                  
27:12:19            5662                1                   251                 20                  
27:17:27            5685                1                   251                 20                  
27:22:35            5709                1                   251                 20                  
27:27:57            5729                1                   251                 20                  
27:33:01            5749                1                   251                 20                  
27:38:09            5773                1                   251                 20                  
27:43:17            5802                1                   251                 20                  
27:50:20            5818                1                   252                 22                  
27:55:25            5845                1                   252                 22                  
28:00:52            5869                1                   252                 22                  
28:06:00            5897                1                   254                 22                  
28:11:12            5919                1                   254                 22                  
28:16:15            5937                1                   254                 22                  
28:21:16            5963                1                   255                 22                  
28:26:16            5981                1                   257                 22                  
28:32:26            6004                1                   258                 23                  
28:37:34            6021                1                   259                 23                  
28:42:36            6043                1                   261                 23                  
28:47:40            6058                1                   262                 24                  
28:52:52            6076                1                   262                 24                  
28:57:58            6093                1                   264                 24                  
29:03:06            6109                1                   264                 24                  
29:08:09            6130                1                   264                 24                  
29:13:24            6148                1                   264                 24                  
29:19:39            6166                1                   266                 25                  
29:24:52            6185                1                   268                 25                  
29:29:57            6206                1                   270                 25                  
29:35:01            6218                1                   272                 25                  
29:40:17            6233                1                   274                 25                  
29:45:20            6252                1                   275                 25                  
29:50:30            6269                1                   275                 25                  
29:55:33            6302                1                   276                 25                  
30:00:48            6321                1                   276                 25                  
30:06:01            6340                1                   276                 25                  
30:11:23            6355                1                   277                 25                  
30:16:35            6370                1                   277                 25                  
30:21:40            6396                1                   278                 25                  
30:26:46            6417                1                   279                 25                  
30:32:02            6439                1                   279                 25                  
30:37:25            6453                1                   279                 25                  
30:43:50            6466                1                   281                 25                  
30:49:01            6478                1                   281                 25                  
30:54:11            6491                1                   281                 25                  
30:59:23            6506                1                   281                 25                  
31:04:40            6520                1                   282                 25                  
31:10:08            6532                1                   282                 25                  
31:15:12            6543                1                   283                 25                  
31:20:14            6558                1                   283                 25                  
31:25:22            6575                1                   283                 25                  
31:30:28            6593                1                   285                 25                  
31:35:56            6616                1                   285                 25                  
31:41:00            6637                1                   285                 25                  
31:46:11            6657                1                   285                 25                  
31:51:18            6677                1                   285                 25                  
31:56:20            6694                1                   285                 25                  
32:01:33            6707                1                   285                 25                  
32:06:40            6721                1                   285                 25                  
32:12:00            6733                1                   285                 25                  
32:17:05            6753                1                   285                 25                  
32:23:32            6766                1                   285                 25                  
32:28:47            6777                1                   285                 25                  
32:33:50            6786                1                   287                 25                  
32:38:57            6796                1                   287                 25                  
32:43:59            6807                1                   287                 25                  
32:48:59            6816                1                   287                 25                  
32:54:02            6829                1                   288                 25                  
32:59:04            6842                1                   288                 25                  
33:04:22            6854                1                   288                 25                  
33:10:49            6866                1                   288                 25                  
33:15:51            6877                1                   288                 25                  
33:21:14            6887                1                   289                 25                  
33:26:37            6898                1                   289                 25                  
33:31:51            6910                1                   289                 25                  
33:36:57            6919                1                   289                 25                  
33:42:16            6931                1                   289                 25                  
33:47:23            6944                1                   289                 25                  
33:52:34            6957                1                   289                 25                  
33:57:51            6969                1                   289                 25                  
34:02:51            6983                1                   289                 25                  
34:08:00            7002                1                   289                 25                  
34:13:02            7016                1                   289                 25                  
34:18:37            7030                1                   289                 25                  
34:23:39            7045                1                   290                 25                  
34:29:39            7066                1                   291                 25                  
34:34:41            7100                1                   293                 25                  
34:45:01            7116                1                   293                 25                  
34:50:06            7152                1                   293                 25                  
34:55:06            7177                1                   295                 25                  
35:00:19            7192                1                   295                 26                  
35:05:33            7212                1                   295                 26                  
35:10:48            7226                1                   295                 26                  
35:16:35            7241                1                   298                 26                  
35:21:37            7263                1                   298                 26                  
35:26:50            7285                1                   299                 26                  
35:31:58            7299                1                   299                 26                  
35:36:58            7314                1                   299                 26                  
35:42:20            7328                1                   299                 26                  
35:47:40            7343                1                   299                 26                  
35:52:49            7354                1                   299                 26                  
35:58:04            7367                1                   299                 26                  
36:03:18            7385                1                   299                 26                  
36:08:22            7393                1                   300                 27                  
36:13:54            7422                1                   301                 28                  
36:19:02            7448                1                   301                 28                  
36:24:20            7473                1                   301                 28                  
36:29:22            7500                1                   301                 28                  
36:34:30            7514                1                   301                 28                  
36:39:34            7527                1                   301                 28                  
36:44:58            7543                1                   301                 28                  
36:49:58            7557                1                   301                 28                  
36:55:00            7573                1                   301                 28                  
37:00:22            7586                1                   301                 28                  
37:05:43            7599                1                   302                 28                  
37:10:51            7612                1                   302                 28                  
37:16:51            7623                1                   302                 28                  
37:21:59            7637                1                   302                 28                  
37:27:21            7650                1                   302                 28                  
37:32:22            7659                1                   302                 28                  
37:37:37            7670                1                   302                 28                  
37:42:43            7678                1                   302                 28                  
37:48:06            7696                1                   303                 28                  
37:53:17            7707                1                   304                 28                  
37:58:27            7722                1                   304                 28                  
38:03:42            7737                1                   304                 28                  
38:08:45            7760                1                   304                 28                  
38:13:47            7778                1                   304                 28                  
38:19:01            7804                1                   304                 28                  
38:24:22            7816                1                   304                 28                  
38:29:36            7826                1                   304                 28                  
38:34:47            7840                1                   304                 28                  
38:40:04            7858                1                   306                 28                  
38:45:05            7875                1                   306                 28                  
38:50:22            7892                1                   306                 28                  
38:55:33            7907                1                   307                 28                  
39:00:38            7920                1                   307                 28                  
39:05:38            7938                1                   307                 28                  
39:10:44            7957                1                   307                 28                  
39:16:04            7972                1                   307                 28                  
39:21:10            7985                1                   307                 28                  
39:26:12            8015                1                   309                 28                  
39:31:14            8037                1                   312                 28                  
39:36:25            8064                1                   312                 28                  
39:41:28            8073                1                   312                 28                  
39:46:36            8100                1                   312                 28                  
39:52:43            8123                1                   314                 28                  
39:57:43            8155                1                   316                 28                  
40:03:24            8173                1                   320                 28                  
40:08:31            8200                1                   320                 28                  
40:13:39            8223                1                   320                 28                  
40:18:43            8254                1                   321                 28                  
40:23:51            8273                1                   321                 29                  
40:28:55            8275                1                   321                 31                  
40:34:00            8292                1                   322                 31                  
40:39:06            8318                1                   322                 31                  
40:44:10            8334                1                   322                 31                  
40:49:14            8363                1                   323                 31                  
40:54:25            8389                1                   324                 31                  
40:59:32            8409                1                   325                 31                  
41:05:45            8426                1                   325                 31                  
41:10:49            8449                1                   326                 31                  
41:16:04            8464                1                   326                 32                  
41:22:18            8481                1                   326                 33                  
41:27:21            8492                1                   326                 34                  
41:32:22            8514                1                   327                 34                  
41:37:30            8537                1                   329                 34                  
41:42:56            8548                1                   332                 35                  
41:48:07            8560                1                   332                 36                  
41:53:23            8572                1                   333                 37                  
41:58:36            8585                1                   335                 38                  
42:03:56            8599                1                   335                 39                  
42:08:56            8617                1                   336                 39                  
42:13:59            8637                1                   336                 39                  
42:19:04            8657                1                   336                 39                  
42:24:08            8679                1                   336                 39                  
42:30:17            8692                1                   338                 40                  
42:36:18            8714                1                   339                 41                  
42:41:34            8734                1                   339                 41                  
42:46:44            8752                1                   339                 41                  
42:51:55            8767                1                   339                 41                  
42:57:09            8778                1                   340                 42                  
43:02:20            8797                1                   341                 42                  
43:07:32            8811                1                   341                 42                  
43:12:33            8823                1                   341                 42                  
43:17:37            8844                1                   341                 42                  
43:22:37            8856                1                   341                 42                  
43:24:48            8873                1                   341                 42                  
43:29:53            8893                1                   341                 42                  
43:34:56            8916                1                   341                 42                  
43:39:59            8942                1                   341                 42                  
43:45:00            8962                1                   341                 42                  
43:50:09            8977                1                   341                 42                  
43:55:09            8993                2                   342                 42                  
44:00:25            9006                2                   343                 42                  
44:05:30            9021                2                   343                 42                  
44:10:51            9032                2                   343                 42                  
44:15:52            9058                2                   345                 42                  
44:20:55            9084                2                   345                 42                  
44:26:02            9096                2                   345                 42                  
44:31:03            9120                2                   345                 42                  
44:36:06            9134                2                   347                 42                  
44:41:18            9148                2                   349                 42                  
44:46:40            9160                2                   349                 42                  
44:51:57            9174                2                   349                 42                  
44:57:11            9188                2                   349                 42                  
45:02:24            9202                2                   350                 42                  
45:07:38            9217                2                   350                 42                  
45:13:01            9230                2                   350                 42                  
45:18:10            9242                2                   350                 42                  
45:23:25            9254                2                   351                 42                  
45:28:34            9265                2                   351                 42                  
45:33:46            9273                2                   355                 42                  
45:38:49            9285                2                   355                 42                  
45:44:10            9304                2                   355                 42                  
45:49:13            9318                2                   355                 42                  
45:54:17            9338                2                   355                 42                  
45:59:28            9362                2                   355                 42                  
46:04:35            9376                2                   355                 42                  
46:09:44            9399                2                   355                 42                  
46:14:49            9421                2                   355                 42                  
46:20:00            9434                2                   355                 42                  
46:25:19            9450                2                   355                 42                  
46:30:38            9463                2                   355                 42                  
46:36:51            9473                2                   356                 42                  
46:42:00            9496                2                   358                 42                  
46:47:21            9507                2                   359                 42                  
46:52:38            9516                2                   361                 42                  
46:57:43            9523                2                   361                 42                  
47:02:59            9532                2                   361                 42                  
47:08:06            9540                2                   364                 42                  
47:13:30            9550                2                   364                 42                  
47:18:38            9560                2                   365                 42                  
47:23:55            9571                2                   365                 42                  
47:29:15            9582                2                   365                 42                  
47:34:31            9596                2                   365                 42                  
47:39:39            9610                2                   366                 42                  
47:45:00            9622                2                   366                 42                  
47:50:17            9630                2                   366                 42                  
47:55:38            9643                2                   366                 42                  
48:00:42            9654                2                   367                 42                  
48:05:46            9662                2                   367                 42                  
48:10:48            9672                2                   367                 42                  
48:16:08            9682                2                   367                 42                  
48:21:32            9694                2                   367                 42                  
48:26:51            9706                2                   367                 42                  
48:31:51            9718                2                   367                 42                  
48:37:11            9729                2                   367                 42                  
