Time                Round               Mutate stage        Coverage            Crash found         
00:00:20            1                   0                   2                   0                   
00:05:28            16                  0                   6                   0                   
00:10:37            31                  0                   10                  0                   
00:15:45            46                  0                   11                  0                   
00:20:56            61                  0                   11                  0                   
00:26:05            76                  0                   12                  0                   
00:31:17            91                  0                   14                  0                   
00:37:16            94                  0                   15                  1                   
00:42:24            109                 0                   15                  1                   
00:47:35            124                 0                   16                  1                   
00:52:44            139                 0                   16                  1                   
00:57:54            154                 0                   16                  1                   
01:03:02            169                 0                   16                  1                   
01:08:10            184                 0                   16                  1                   
01:13:19            199                 0                   19                  1                   
01:18:30            214                 0                   20                  1                   
01:23:38            229                 0                   20                  1                   
01:28:46            244                 0                   20                  1                   
01:33:55            259                 0                   21                  1                   
01:39:04            274                 0                   22                  1                   
01:44:13            289                 0                   22                  1                   
01:49:21            304                 0                   23                  1                   
01:54:29            319                 0                   23                  1                   
01:59:37            334                 0                   23                  1                   
02:04:46            349                 0                   23                  1                   
02:09:54            364                 0                   23                  1                   
02:15:02            379                 0                   23                  1                   
02:20:10            394                 0                   23                  1                   
02:25:19            409                 0                   23                  1                   
02:30:27            424                 1                   23                  1                   
02:35:36            439                 1                   23                  1                   
02:40:44            454                 1                   24                  1                   
02:45:53            469                 1                   24                  1                   
02:51:01            484                 1                   24                  1                   
02:56:09            499                 1                   25                  1                   
03:01:18            514                 1                   25                  1                   
03:06:26            529                 1                   25                  1                   
03:11:35            544                 1                   25                  1                   
03:16:43            559                 1                   25                  1                   
03:21:51            574                 1                   25                  1                   
03:26:55            585                 1                   27                  2                   
03:32:13            600                 1                   27                  2                   
03:37:22            615                 1                   28                  2                   
03:42:31            630                 1                   29                  2                   
03:47:40            645                 1                   30                  2                   
03:52:48            660                 1                   31                  2                   
03:57:57            675                 1                   31                  2                   
04:03:07            690                 1                   32                  2                   
04:08:16            705                 1                   32                  2                   
04:13:25            720                 1                   32                  2                   
04:18:34            735                 1                   32                  2                   
04:23:42            750                 1                   32                  2                   
04:28:51            765                 1                   32                  2                   
04:34:00            780                 1                   32                  2                   
04:39:09            795                 1                   32                  2                   
04:44:17            810                 1                   32                  2                   
04:49:26            825                 1                   32                  2                   
04:54:35            840                 1                   32                  2                   
04:59:43            855                 1                   32                  2                   
05:04:53            870                 1                   32                  2                   
05:10:02            885                 1                   34                  2                   
05:15:11            900                 1                   35                  2                   
05:20:21            915                 1                   35                  2                   
05:25:30            930                 1                   35                  2                   
05:30:38            945                 1                   35                  2                   
05:35:46            960                 1                   35                  2                   
05:40:55            975                 1                   35                  2                   
05:46:03            990                 1                   35                  2                   
05:51:11            1005                1                   35                  2                   
05:56:20            1020                1                   35                  2                   
06:01:28            1035                1                   35                  2                   
06:06:36            1050                1                   35                  2                   
06:11:45            1065                1                   35                  2                   
06:17:37            1079                1                   35                  2                   
06:22:45            1094                1                   35                  2                   
06:27:54            1109                2                   35                  2                   
06:33:02            1124                2                   35                  2                   
06:38:10            1139                2                   35                  2                   
06:43:19            1154                2                   35                  2                   
06:48:27            1169                2                   35                  2                   
06:53:36            1184                2                   35                  2                   
06:58:44            1199                2                   35                  2                   
07:03:54            1214                2                   38                  2                   
07:09:02            1229                2                   38                  2                   
07:14:10            1244                2                   39                  2                   
07:19:19            1259                2                   41                  2                   
07:24:27            1274                2                   41                  2                   
07:29:35            1289                2                   41                  2                   
07:34:43            1304                2                   41                  2                   
07:39:52            1319                2                   41                  2                   
07:45:00            1334                2                   41                  2                   
07:50:09            1349                2                   41                  2                   
07:55:17            1364                2                   43                  2                   
08:00:25            1379                2                   44                  2                   
08:05:35            1394                2                   44                  2                   
08:10:45            1409                2                   44                  2                   
08:15:53            1424                2                   44                  2                   
08:21:01            1439                2                   45                  2                   
08:26:10            1454                2                   45                  2                   
08:31:18            1469                2                   47                  2                   
08:36:27            1484                2                   49                  2                   
08:41:35            1499                2                   49                  2                   
08:46:44            1514                2                   49                  2                   
08:51:52            1529                2                   49                  2                   
08:57:01            1544                2                   50                  2                   
09:02:09            1559                2                   50                  2                   
09:07:18            1574                2                   50                  2                   
09:12:32            1586                2                   50                  2                   
09:17:41            1601                2                   50                  2                   
09:22:50            1616                2                   50                  2                   
09:27:58            1631                2                   50                  2                   
09:33:06            1646                2                   50                  2                   
09:38:14            1661                2                   50                  2                   
09:43:23            1676                2                   50                  2                   
09:48:31            1691                2                   50                  2                   
09:53:40            1706                2                   50                  2                   
09:58:49            1721                2                   51                  2                   
10:03:58            1736                2                   51                  2                   
10:09:07            1751                2                   51                  2                   
10:14:15            1766                2                   51                  2                   
10:19:24            1781                2                   51                  2                   
10:24:32            1796                2                   51                  2                   
10:29:40            1811                2                   53                  2                   
10:34:50            1826                2                   53                  2                   
10:39:59            1841                2                   54                  2                   
10:45:07            1856                2                   55                  2                   
10:50:17            1868                2                   56                  3                   
10:55:26            1883                2                   56                  3                   
11:00:34            1898                2                   56                  3                   
11:05:42            1913                2                   56                  3                   
11:10:51            1928                2                   56                  3                   
11:15:59            1943                2                   56                  3                   
11:21:07            1958                2                   56                  3                   
11:26:16            1973                2                   56                  3                   
11:31:24            1988                2                   56                  3                   
11:36:32            2003                2                   56                  3                   
11:41:41            2018                2                   56                  3                   
11:46:49            2033                2                   56                  3                   
11:51:58            2048                2                   56                  3                   
11:57:06            2063                2                   57                  3                   
12:02:15            2078                2                   57                  3                   
12:07:23            2093                2                   59                  3                   
12:12:32            2108                2                   59                  3                   
12:17:40            2123                2                   59                  3                   
12:22:49            2138                2                   59                  3                   
12:27:57            2153                2                   61                  3                   
12:33:07            2168                2                   64                  3                   
12:38:15            2183                2                   64                  3                   
12:43:24            2198                2                   64                  3                   
12:48:32            2213                2                   64                  3                   
12:53:41            2228                2                   64                  3                   
12:58:51            2243                2                   65                  3                   
13:04:01            2258                2                   65                  3                   
13:09:10            2273                2                   65                  3                   
13:14:18            2288                2                   65                  3                   
13:19:27            2303                2                   65                  3                   
13:24:36            2318                2                   65                  3                   
13:29:44            2333                2                   65                  3                   
13:34:53            2348                2                   66                  3                   
13:41:06            2363                2                   66                  3                   
13:46:15            2378                2                   67                  3                   
13:51:24            2393                2                   67                  3                   
13:56:32            2408                2                   70                  3                   
14:01:41            2423                2                   71                  3                   
14:06:49            2438                2                   71                  3                   
14:11:58            2453                2                   71                  3                   
14:17:06            2468                2                   71                  3                   
14:22:15            2483                2                   71                  3                   
14:27:24            2498                2                   73                  3                   
14:32:32            2513                2                   73                  3                   
14:37:41            2528                2                   73                  3                   
14:42:50            2543                2                   73                  3                   
14:47:58            2558                2                   73                  3                   
14:53:07            2573                2                   73                  3                   
14:58:15            2588                2                   73                  3                   
15:03:24            2603                2                   73                  3                   
15:08:34            2618                2                   74                  3                   
15:13:43            2633                2                   74                  3                   
15:18:52            2648                2                   74                  3                   
15:24:01            2663                2                   74                  3                   
15:29:10            2678                2                   74                  3                   
15:34:19            2693                2                   75                  3                   
15:39:28            2708                2                   75                  3                   
15:44:38            2723                2                   75                  3                   
15:49:47            2738                2                   75                  3                   
15:54:56            2753                2                   76                  3                   
16:00:05            2768                2                   76                  3                   
16:05:14            2783                2                   76                  3                   
16:10:22            2798                2                   76                  3                   
16:15:31            2813                2                   76                  3                   
16:20:40            2828                2                   76                  3                   
16:25:48            2843                2                   76                  3                   
16:30:57            2858                2                   77                  3                   
16:36:12            2870                2                   77                  3                   
16:41:20            2885                2                   77                  3                   
16:46:29            2900                2                   77                  3                   
16:51:39            2915                2                   77                  3                   
16:56:51            2930                2                   77                  3                   
17:02:02            2945                2                   77                  3                   
17:07:12            2960                2                   77                  3                   
17:12:22            2975                2                   77                  3                   
17:17:31            2990                2                   77                  3                   
17:22:40            3005                2                   77                  3                   
17:27:49            3020                2                   77                  3                   
17:32:59            3035                2                   77                  3                   
17:38:07            3050                2                   77                  3                   
17:43:18            3065                2                   77                  3                   
17:48:28            3080                2                   77                  3                   
17:53:39            3095                2                   78                  3                   
17:58:49            3110                2                   78                  3                   
18:03:57            3125                2                   78                  3                   
18:09:07            3140                2                   80                  3                   
18:14:15            3155                2                   80                  3                   
18:19:24            3170                2                   80                  3                   
18:24:33            3185                2                   80                  3                   
18:29:42            3200                2                   81                  3                   
18:34:50            3215                2                   82                  3                   
18:39:59            3230                2                   82                  3                   
18:45:11            3241                2                   82                  4                   
18:50:19            3256                2                   82                  4                   
18:55:28            3271                2                   82                  4                   
19:00:36            3286                2                   82                  4                   
19:05:45            3301                2                   82                  4                   
19:10:55            3316                2                   83                  4                   
19:16:04            3331                2                   84                  4                   
19:21:13            3346                2                   84                  4                   
19:26:26            3361                2                   84                  4                   
19:31:37            3376                2                   84                  4                   
19:36:47            3391                2                   84                  4                   
19:41:57            3406                2                   84                  4                   
19:47:06            3421                2                   84                  4                   
19:52:15            3436                2                   84                  4                   
19:57:26            3451                2                   84                  4                   
20:02:35            3466                2                   84                  4                   
20:07:44            3481                2                   84                  4                   
20:12:53            3496                2                   84                  4                   
20:18:01            3511                2                   84                  4                   
20:23:10            3526                2                   84                  4                   
20:28:20            3541                2                   84                  4                   
20:33:29            3556                2                   84                  4                   
20:38:40            3571                2                   84                  4                   
20:43:49            3586                2                   84                  4                   
20:48:58            3601                2                   85                  4                   
20:54:07            3616                2                   86                  4                   
20:59:15            3631                2                   86                  4                   
21:04:24            3646                2                   86                  4                   
21:09:33            3661                2                   86                  4                   
21:14:42            3676                2                   86                  4                   
21:19:52            3691                2                   86                  4                   
21:25:01            3706                2                   86                  4                   
21:30:10            3721                2                   86                  4                   
21:35:20            3736                2                   86                  4                   
21:40:31            3748                2                   87                  4                   
21:45:40            3763                2                   87                  4                   
21:50:49            3778                2                   88                  4                   
21:55:58            3793                2                   88                  4                   
22:01:07            3808                2                   88                  4                   
22:07:00            3820                2                   90                  5                   
22:12:11            3835                2                   91                  5                   
22:17:20            3850                2                   93                  5                   
22:22:29            3865                2                   93                  5                   
22:27:40            3880                2                   94                  5                   
22:32:49            3895                2                   95                  5                   
22:37:58            3910                2                   95                  5                   
22:43:08            3925                2                   95                  5                   
22:48:19            3940                2                   95                  5                   
22:53:28            3955                2                   96                  5                   
22:58:36            3970                2                   96                  5                   
23:03:46            3985                2                   96                  5                   
23:08:50            3989                2                   96                  6                   
23:13:59            4004                2                   96                  6                   
23:19:09            4019                2                   96                  6                   
23:24:17            4034                2                   96                  6                   
23:29:28            4049                2                   96                  6                   
23:34:38            4064                2                   97                  6                   
23:39:48            4079                2                   97                  6                   
23:44:58            4094                2                   98                  6                   
23:50:09            4109                2                   98                  6                   
23:55:18            4124                2                   98                  6                   
24:00:27            4139                2                   98                  6                   
24:05:36            4154                2                   98                  6                   
24:10:46            4169                2                   100                 6                   
24:15:56            4184                2                   100                 6                   
24:21:07            4199                2                   101                 6                   
24:26:18            4214                2                   101                 6                   
24:31:29            4229                2                   101                 6                   
24:36:39            4244                2                   101                 6                   
24:41:49            4259                2                   101                 6                   
24:47:00            4274                2                   101                 6                   
24:52:09            4289                2                   101                 6                   
24:57:18            4304                2                   101                 6                   
25:02:27            4319                2                   101                 6                   
25:07:36            4334                2                   101                 6                   
25:12:45            4349                2                   102                 6                   
25:17:54            4364                2                   102                 6                   
25:23:02            4379                2                   102                 6                   
25:28:12            4394                2                   103                 6                   
25:33:21            4409                2                   103                 6                   
25:38:31            4424                2                   103                 6                   
25:43:40            4439                2                   103                 6                   
25:48:41            4454                2                   105                 6                   
25:53:42            4474                2                   105                 6                   
25:59:41            4489                2                   105                 6                   
26:04:50            4504                2                   105                 6                   
26:09:59            4519                2                   105                 6                   
26:15:11            4534                2                   107                 6                   
26:20:19            4549                2                   107                 6                   
26:25:28            4564                2                   107                 6                   
26:30:38            4579                2                   107                 6                   
26:35:47            4594                2                   107                 6                   
26:40:56            4609                2                   107                 6                   
26:46:05            4624                2                   107                 6                   
26:51:14            4639                2                   107                 6                   
26:56:23            4654                2                   107                 6                   
27:01:31            4669                2                   107                 6                   
27:06:40            4684                2                   107                 6                   
27:11:50            4699                2                   107                 6                   
27:16:59            4714                2                   107                 6                   
27:22:08            4729                2                   107                 6                   
27:27:18            4744                2                   107                 6                   
27:32:27            4759                2                   107                 6                   
27:37:36            4774                2                   107                 6                   
27:42:45            4789                2                   109                 6                   
27:47:54            4804                2                   109                 6                   
27:53:04            4819                2                   109                 6                   
27:58:13            4834                2                   109                 6                   
28:03:22            4849                2                   109                 6                   
28:08:30            4864                2                   109                 6                   
28:13:39            4879                2                   109                 6                   
28:18:48            4894                2                   109                 6                   
28:23:57            4909                2                   109                 6                   
28:29:08            4924                2                   109                 6                   
28:34:17            4939                2                   109                 6                   
28:39:26            4954                2                   109                 6                   
28:44:35            4969                2                   109                 6                   
28:49:44            4984                2                   109                 6                   
28:54:55            4996                2                   109                 6                   
29:00:04            5011                2                   109                 6                   
29:05:13            5026                2                   109                 6                   
29:10:22            5041                2                   109                 6                   
29:15:31            5056                2                   109                 6                   
29:20:40            5071                2                   109                 6                   
29:25:49            5086                2                   109                 6                   
29:30:58            5101                2                   109                 6                   
29:36:07            5116                2                   109                 6                   
29:41:17            5131                2                   109                 6                   
29:46:26            5146                2                   109                 6                   
29:51:35            5161                2                   109                 6                   
29:56:44            5176                2                   109                 6                   
30:01:53            5191                2                   109                 6                   
30:07:02            5206                2                   109                 6                   
30:12:13            5221                2                   109                 6                   
30:17:24            5233                2                   109                 7                   
30:22:34            5248                2                   109                 7                   
30:27:43            5263                2                   109                 7                   
30:32:52            5278                2                   109                 7                   
30:38:01            5293                2                   109                 7                   
30:43:10            5308                2                   109                 7                   
30:48:19            5323                2                   109                 7                   
30:53:28            5338                2                   109                 7                   
30:58:37            5353                2                   109                 7                   
31:03:46            5368                2                   109                 7                   
31:08:55            5383                2                   109                 7                   
31:14:04            5398                2                   109                 7                   
31:19:13            5413                2                   109                 7                   
31:24:23            5428                2                   109                 7                   
31:29:32            5443                2                   109                 7                   
31:34:41            5458                2                   109                 7                   
31:39:50            5473                2                   109                 7                   
31:45:00            5488                2                   109                 7                   
31:50:10            5503                2                   109                 7                   
31:55:19            5518                2                   110                 7                   
32:00:31            5533                2                   110                 7                   
32:05:40            5548                2                   110                 7                   
32:10:49            5563                2                   110                 7                   
32:15:58            5578                2                   110                 7                   
32:21:07            5593                2                   110                 7                   
32:26:38            5607                2                   111                 8                   
32:31:55            5619                2                   112                 8                   
32:37:04            5634                2                   112                 8                   
32:42:13            5649                2                   112                 8                   
32:47:22            5664                2                   112                 8                   
32:52:31            5679                2                   112                 8                   
32:57:40            5694                2                   112                 8                   
33:02:49            5709                2                   112                 8                   
33:07:59            5724                2                   112                 8                   
33:13:17            5736                2                   113                 9                   
33:18:27            5751                2                   113                 9                   
33:23:36            5766                2                   115                 9                   
33:28:45            5781                2                   115                 9                   
33:33:54            5796                2                   115                 9                   
33:39:03            5811                2                   115                 9                   
33:44:13            5826                2                   115                 9                   
33:49:22            5841                2                   115                 9                   
33:54:31            5856                2                   115                 9                   
33:59:40            5871                2                   115                 9                   
34:04:50            5886                2                   115                 9                   
34:09:59            5901                2                   115                 9                   
34:15:09            5916                2                   115                 9                   
34:20:18            5931                2                   115                 9                   
34:25:27            5946                2                   117                 9                   
34:30:38            5961                2                   117                 9                   
34:35:49            5976                2                   117                 9                   
34:40:58            5991                2                   117                 9                   
34:46:06            6006                2                   117                 9                   
34:51:16            6021                2                   117                 9                   
34:56:25            6036                2                   118                 9                   
35:01:34            6051                2                   118                 9                   
35:06:43            6066                2                   121                 9                   
35:11:52            6081                2                   123                 9                   
35:17:01            6096                2                   123                 9                   
35:22:10            6111                2                   123                 9                   
35:27:20            6126                2                   124                 9                   
35:32:30            6141                2                   124                 9                   
35:37:39            6156                2                   124                 9                   
35:42:48            6171                2                   124                 9                   
35:47:58            6186                2                   124                 9                   
35:53:07            6201                2                   124                 9                   
35:58:16            6216                2                   124                 9                   
36:03:26            6231                2                   124                 9                   
36:08:42            6243                2                   124                 9                   
36:13:51            6258                2                   124                 9                   
36:19:00            6273                2                   124                 9                   
36:24:10            6288                2                   124                 9                   
36:29:19            6303                2                   124                 9                   
36:34:28            6318                2                   124                 9                   
36:39:37            6333                2                   124                 9                   
36:44:46            6348                2                   125                 9                   
36:49:56            6363                2                   125                 9                   
36:55:06            6378                2                   126                 9                   
37:00:15            6393                2                   126                 9                   
37:05:25            6408                2                   126                 9                   
37:10:34            6423                2                   126                 9                   
37:15:43            6438                2                   126                 9                   
37:20:53            6453                2                   126                 9                   
37:26:02            6468                2                   126                 9                   
37:31:12            6483                2                   126                 9                   
37:36:21            6498                2                   126                 9                   
37:41:30            6513                2                   126                 9                   
37:46:40            6528                2                   126                 9                   
37:51:49            6543                2                   126                 9                   
37:56:59            6558                2                   127                 9                   
38:02:09            6573                2                   127                 9                   
38:07:18            6588                2                   127                 9                   
38:12:27            6603                2                   127                 9                   
38:17:37            6618                2                   128                 9                   
38:22:47            6633                2                   128                 9                   
38:27:57            6648                2                   128                 9                   
38:33:06            6663                2                   128                 9                   
38:38:16            6678                2                   128                 9                   
38:43:25            6693                2                   128                 9                   
38:48:35            6708                2                   128                 9                   
38:53:44            6723                2                   128                 9                   
38:58:57            6735                2                   129                 9                   
39:04:06            6750                2                   132                 9                   
39:09:16            6765                2                   132                 9                   
39:14:25            6780                2                   132                 9                   
39:19:35            6795                2                   132                 9                   
39:24:45            6810                2                   132                 9                   
39:29:54            6825                2                   135                 9                   
39:35:03            6840                2                   135                 9                   
39:40:14            6855                2                   135                 9                   
39:45:24            6870                2                   135                 9                   
39:50:33            6885                2                   135                 9                   
39:55:42            6900                2                   135                 9                   
40:00:52            6915                2                   135                 9                   
40:06:03            6930                2                   135                 9                   
40:11:13            6945                2                   135                 9                   
40:16:22            6960                2                   135                 9                   
40:21:32            6975                2                   135                 9                   
40:26:42            6990                2                   135                 9                   
40:31:52            7005                2                   135                 9                   
40:37:01            7020                2                   135                 9                   
40:42:10            7035                2                   135                 9                   
40:47:25            7045                2                   135                 10                  
40:52:35            7060                2                   135                 10                  
40:57:46            7075                2                   136                 10                  
41:02:55            7090                2                   138                 10                  
41:08:05            7105                2                   139                 10                  
41:13:15            7120                2                   139                 10                  
41:18:25            7135                2                   142                 10                  
41:23:34            7150                2                   142                 10                  
41:28:43            7165                2                   142                 10                  
41:33:53            7180                2                   142                 10                  
41:39:03            7195                2                   142                 10                  
41:44:13            7210                2                   142                 10                  
41:49:22            7225                2                   142                 10                  
41:54:32            7240                2                   142                 10                  
41:59:41            7255                2                   142                 10                  
42:04:52            7270                2                   142                 10                  
42:10:01            7285                2                   142                 10                  
42:15:10            7300                2                   142                 10                  
42:20:21            7315                2                   142                 10                  
42:25:30            7330                2                   142                 10                  
42:30:40            7345                2                   142                 10                  
42:35:49            7360                2                   142                 10                  
42:40:59            7375                2                   142                 10                  
42:46:09            7390                2                   142                 10                  
42:51:18            7405                2                   142                 10                  
42:56:28            7420                2                   142                 10                  
43:01:37            7435                2                   142                 10                  
43:06:48            7450                2                   142                 10                  
43:11:57            7465                2                   142                 10                  
43:17:07            7480                2                   142                 10                  
43:22:16            7495                2                   142                 10                  
43:27:25            7510                2                   142                 10                  
43:32:35            7525                2                   143                 10                  
43:37:44            7540                2                   143                 10                  
43:42:56            7552                2                   143                 10                  
43:48:05            7567                2                   143                 10                  
43:53:15            7582                2                   144                 10                  
43:58:25            7597                2                   144                 10                  
44:03:34            7612                2                   144                 10                  
44:08:44            7627                2                   144                 10                  
44:13:53            7642                2                   144                 10                  
44:19:03            7657                2                   144                 10                  
44:24:12            7672                2                   144                 10                  
44:29:23            7687                2                   144                 10                  
44:34:24            7696                2                   144                 11                  
44:39:34            7711                2                   144                 11                  
44:44:43            7726                2                   144                 11                  
44:49:53            7741                2                   144                 11                  
44:55:02            7756                2                   145                 11                  
45:00:11            7771                2                   145                 11                  
45:05:21            7786                2                   145                 11                  
45:10:30            7801                2                   145                 11                  
45:15:40            7816                2                   145                 11                  
45:20:49            7831                2                   145                 11                  
45:26:00            7846                2                   145                 11                  
45:31:09            7861                2                   145                 11                  
45:36:21            7873                2                   145                 12                  
45:41:31            7888                2                   145                 12                  
45:46:40            7903                2                   145                 12                  
45:51:50            7918                2                   145                 12                  
45:57:00            7933                2                   145                 12                  
46:02:10            7948                2                   145                 12                  
46:07:20            7963                2                   145                 12                  
46:12:29            7978                2                   145                 12                  
46:17:39            7993                2                   145                 12                  
46:22:49            8008                2                   145                 12                  
46:27:58            8023                2                   145                 12                  
46:33:08            8038                2                   145                 12                  
46:38:18            8053                2                   145                 12                  
46:43:27            8068                2                   145                 12                  
46:48:37            8083                2                   145                 12                  
46:53:47            8098                2                   145                 12                  
46:58:57            8113                2                   145                 12                  
47:04:09            8128                2                   145                 12                  
47:09:20            8143                2                   145                 12                  
47:14:30            8158                2                   145                 12                  
47:19:40            8173                2                   147                 12                  
47:24:50            8188                2                   147                 12                  
47:30:00            8203                2                   147                 12                  
47:35:09            8218                2                   147                 12                  
47:40:19            8233                2                   147                 12                  
47:45:29            8248                2                   147                 12                  
47:50:40            8263                2                   147                 12                  
47:55:51            8278                2                   148                 12                  
48:01:37            8292                2                   148                 13                  
48:06:50            8304                2                   148                 13                  
48:12:00            8319                2                   148                 13                  
48:17:15            8334                2                   148                 13                  
48:22:25            8349                2                   148                 13                  
48:27:35            8364                2                   148                 13                  
48:32:36            8385                2                   148                 13                  
48:37:36            8402                2                   148                 13                  
48:42:46            8417                2                   149                 13                  
48:47:47            8426                2                   150                 14                  
48:52:57            8441                2                   151                 14                  
48:58:03            8452                2                   151                 15                  
49:03:12            8467                2                   151                 15                  
49:08:23            8482                2                   151                 15                  
49:13:32            8497                2                   151                 15                  
49:18:42            8512                2                   151                 15                  
49:23:52            8527                2                   151                 15                  
49:29:02            8542                2                   151                 15                  
49:34:03            8557                2                   151                 15                  
49:39:14            8572                2                   152                 15                  
49:44:24            8587                2                   152                 15                  
49:49:34            8602                2                   152                 15                  
49:54:44            8617                2                   152                 15                  
49:59:55            8632                2                   152                 15                  
50:05:05            8647                2                   152                 15                  
50:10:16            8662                2                   152                 15                  
50:15:27            8677                2                   152                 15                  
50:20:36            8692                2                   152                 15                  
50:25:46            8707                2                   152                 15                  
50:30:55            8722                2                   152                 15                  
50:36:05            8737                2                   153                 15                  
50:40:15            8750                2                   153                 15                  
