Time                Round               Mutate stage        Coverage            Crash found         
00:00:05            1                   0                   2                   0                   
00:05:15            49                  0                   6                   0                   
00:11:13            100                 0                   7                   0                   
00:16:22            128                 0                   7                   0                   
00:21:25            171                 0                   7                   0                   
00:26:45            200                 0                   7                   0                   
00:31:51            254                 1                   7                   0                   
00:36:53            298                 1                   7                   0                   
00:41:55            329                 2                   7                   0                   
00:47:09            385                 2                   9                   0                   
00:52:18            415                 2                   9                   0                   
00:57:19            472                 2                   11                  0                   
01:02:21            500                 2                   12                  0                   
01:07:21            551                 2                   12                  0                   
01:12:22            590                 2                   13                  0                   
01:17:27            627                 2                   13                  0                   
01:22:29            692                 2                   15                  0                   
01:27:38            722                 2                   16                  0                   
01:32:40            775                 2                   16                  0                   
01:37:46            829                 2                   21                  0                   
01:42:47            873                 2                   21                  0                   
01:48:15            900                 2                   21                  0                   
01:53:19            962                 2                   22                  0                   
01:58:19            990                 2                   27                  0                   
02:03:23            1023                2                   29                  0                   
02:08:26            1069                2                   29                  0                   
02:13:31            1098                2                   30                  0                   
02:18:44            1124                2                   30                  0                   
02:23:44            1184                2                   30                  0                   
02:28:48            1211                2                   30                  0                   
02:33:51            1242                2                   30                  0                   
02:38:51            1267                2                   32                  0                   
02:43:55            1300                2                   34                  0                   
02:49:03            1344                2                   35                  0                   
02:54:05            1367                2                   35                  0                   
02:59:09            1402                2                   35                  0                   
03:04:13            1444                2                   35                  0                   
03:09:57            1500                2                   36                  0                   
03:15:01            1537                2                   36                  0                   
03:20:06            1560                2                   36                  0                   
03:25:06            1590                2                   36                  0                   
03:30:09            1641                2                   38                  0                   
03:35:15            1690                2                   38                  0                   
03:40:23            1715                2                   39                  0                   
03:45:28            1742                2                   39                  0                   
03:50:37            1773                2                   39                  0                   
03:55:39            1820                2                   39                  0                   
04:00:39            1851                2                   41                  0                   
04:05:49            1887                2                   41                  0                   
04:11:06            1921                2                   41                  0                   
04:16:08            1956                2                   42                  0                   
04:21:19            2000                2                   43                  0                   
04:26:27            2056                2                   44                  0                   
04:31:30            2090                2                   46                  0                   
04:36:37            2108                2                   47                  0                   
04:41:37            2133                2                   47                  0                   
04:46:42            2159                2                   47                  0                   
04:51:52            2209                2                   47                  0                   
04:57:06            2236                2                   49                  0                   
05:02:11            2268                2                   49                  0                   
05:07:12            2295                2                   49                  0                   
05:12:12            2316                2                   49                  0                   
05:17:27            2336                2                   49                  0                   
05:22:36            2379                2                   49                  0                   
05:27:41            2437                2                   49                  0                   
05:32:41            2483                2                   51                  0                   
05:37:48            2507                2                   51                  0                   
05:42:50            2536                2                   51                  0                   
05:47:51            2572                2                   53                  0                   
05:53:28            2600                2                   53                  0                   
05:58:33            2670                2                   53                  0                   
06:03:36            2700                2                   53                  0                   
06:08:48            2725                2                   53                  0                   
06:13:57            2766                2                   54                  0                   
06:19:07            2799                2                   54                  0                   
06:24:09            2851                2                   54                  0                   
06:29:26            2900                2                   55                  0                   
06:34:30            2960                2                   56                  0                   
06:39:40            2997                2                   57                  0                   
06:44:47            3032                2                   57                  0                   
06:49:56            3057                2                   57                  0                   
06:55:07            3083                2                   57                  0                   
07:00:17            3111                2                   58                  0                   
07:05:25            3143                2                   58                  0                   
07:10:39            3199                2                   59                  0                   
07:15:42            3223                2                   59                  0                   
07:20:42            3245                2                   59                  0                   
07:25:42            3276                2                   59                  0                   
07:30:49            3318                2                   60                  0                   
07:36:04            3346                2                   60                  0                   
07:41:07            3398                2                   61                  0                   
07:46:13            3460                2                   61                  0                   
07:51:14            3505                2                   61                  0                   
07:56:18            3541                2                   63                  0                   
08:01:18            3572                2                   63                  0                   
08:06:28            3601                2                   63                  0                   
08:11:30            3642                2                   63                  0                   
08:16:47            3669                2                   64                  0                   
08:21:55            3698                2                   64                  0                   
08:27:08            3721                2                   64                  0                   
08:32:13            3774                2                   66                  0                   
08:37:15            3800                2                   66                  0                   
08:42:16            3833                2                   67                  0                   
08:47:18            3868                2                   67                  0                   
08:53:15            3900                2                   68                  0                   
08:58:28            3934                2                   69                  0                   
09:03:45            3951                2                   69                  0                   
09:08:47            3983                2                   69                  0                   
09:13:50            4028                2                   69                  0                   
09:18:52            4089                2                   69                  0                   
09:23:58            4123                2                   69                  0                   
09:28:58            4139                2                   70                  0                   
09:34:03            4182                2                   70                  0                   
09:39:06            4209                2                   71                  0                   
09:44:13            4237                2                   71                  0                   
09:49:21            4263                2                   71                  0                   
09:54:37            4299                2                   72                  0                   
09:59:38            4320                2                   72                  0                   
10:04:46            4352                2                   72                  0                   
10:09:53            4405                2                   72                  0                   
10:14:53            4433                2                   74                  0                   
10:19:54            4471                2                   75                  0                   
10:25:05            4495                2                   76                  0                   
10:30:07            4524                2                   76                  0                   
10:35:07            4555                2                   77                  0                   
10:40:15            4578                2                   77                  0                   
10:45:23            4613                2                   77                  0                   
10:50:37            4633                2                   77                  0                   
10:55:41            4675                2                   77                  0                   
11:00:44            4708                2                   77                  0                   
11:05:47            4783                2                   77                  0                   
11:10:58            4806                2                   77                  0                   
11:16:12            4823                2                   78                  0                   
11:21:17            4855                2                   78                  0                   
11:26:18            4891                2                   78                  0                   
11:31:27            4913                2                   80                  0                   
11:36:33            4939                2                   80                  0                   
11:41:41            4965                2                   81                  0                   
11:47:34            5000                2                   81                  0                   
11:52:46            5034                2                   82                  0                   
11:57:52            5065                2                   82                  0                   
12:02:54            5118                2                   83                  0                   
12:07:54            5140                2                   83                  0                   
12:13:01            5173                2                   86                  0                   
12:18:20            5191                2                   86                  0                   
12:23:23            5204                2                   86                  0                   
12:28:35            5220                2                   87                  0                   
12:33:42            5256                2                   87                  0                   
12:38:52            5295                2                   88                  0                   
12:44:03            5318                2                   89                  0                   
12:49:13            5345                2                   90                  0                   
12:54:16            5367                2                   90                  0                   
12:59:25            5387                2                   90                  0                   
13:04:27            5410                2                   90                  0                   
13:09:28            5461                2                   90                  0                   
13:14:34            5509                2                   90                  0                   
13:19:44            5557                2                   90                  0                   
13:24:56            5579                2                   90                  0                   
13:30:14            5593                2                   90                  0                   
13:35:15            5625                2                   90                  0                   
13:40:20            5657                2                   90                  0                   
13:45:20            5679                2                   91                  0                   
13:50:24            5706                2                   92                  0                   
13:55:32            5732                2                   92                  0                   
14:00:41            5757                2                   92                  0                   
14:05:41            5776                2                   92                  0                   
14:10:44            5801                2                   92                  0                   
14:15:49            5839                2                   92                  0                   
14:20:54            5862                2                   92                  0                   
14:25:57            5925                2                   92                  0                   
14:31:07            5946                2                   92                  0                   
14:36:12            5972                2                   92                  0                   
14:41:23            6000                2                   92                  0                   
14:46:25            6038                2                   93                  0                   
14:51:37            6066                2                   93                  0                   
14:57:22            6100                2                   93                  0                   
15:02:32            6139                2                   93                  0                   
15:07:44            6165                2                   93                  0                   
15:12:46            6191                2                   95                  0                   
15:17:47            6214                2                   95                  0                   
15:22:54            6239                2                   96                  0                   
15:28:06            6270                2                   96                  0                   
15:33:12            6286                2                   96                  0                   
15:38:18            6328                2                   96                  0                   
15:43:20            6366                2                   96                  0                   
15:48:22            6412                2                   96                  0                   
15:53:23            6455                2                   96                  0                   
15:58:32            6474                2                   96                  0                   
16:03:40            6488                2                   97                  0                   
16:08:43            6504                2                   97                  0                   
16:13:52            6552                2                   97                  0                   
16:19:04            6586                2                   97                  0                   
16:24:05            6601                2                   97                  0                   
16:29:07            6642                2                   97                  0                   
16:34:19            6667                2                   97                  0                   
16:39:20            6691                2                   97                  0                   
16:44:21            6715                2                   97                  0                   
16:49:32            6756                2                   97                  0                   
16:54:38            6793                2                   97                  0                   
16:59:45            6851                2                   98                  0                   
17:04:50            6880                2                   98                  0                   
17:09:58            6900                2                   99                  0                   
17:15:10            6923                2                   100                 0                   
17:20:15            6946                2                   101                 0                   
17:25:23            6966                2                   101                 0                   
17:30:37            6989                2                   102                 0                   
17:35:48            7009                2                   102                 0                   
17:40:52            7036                2                   103                 0                   
17:45:52            7075                2                   104                 0                   
17:52:06            7100                2                   105                 0                   
17:57:14            7126                2                   107                 0                   
18:02:17            7157                2                   107                 0                   
18:07:22            7183                2                   108                 0                   
18:12:29            7203                2                   108                 0                   
18:17:38            7231                2                   108                 0                   
18:22:44            7259                2                   108                 0                   
18:28:26            7300                2                   108                 0                   
18:33:28            7358                2                   109                 0                   
18:38:53            7400                2                   109                 0                   
18:44:10            7424                2                   109                 0                   
18:49:13            7440                2                   109                 0                   
18:54:20            7452                2                   109                 0                   
18:59:28            7490                2                   110                 0                   
19:04:31            7511                2                   110                 0                   
19:09:42            7535                2                   110                 0                   
19:14:54            7560                2                   110                 0                   
19:19:54            7585                2                   110                 0                   
19:24:54            7606                2                   110                 0                   
19:29:55            7639                2                   110                 0                   
19:34:56            7663                2                   110                 0                   
19:40:04            7693                2                   111                 0                   
19:45:08            7727                2                   112                 0                   
19:50:08            7790                2                   112                 0                   
19:55:14            7815                2                   112                 0                   
20:00:15            7836                2                   113                 0                   
20:05:27            7865                2                   113                 0                   
20:10:43            7897                2                   114                 0                   
20:15:51            7911                2                   114                 0                   
20:20:56            7937                2                   115                 0                   
20:25:57            7955                2                   115                 0                   
20:31:04            7994                2                   115                 0                   
20:36:06            8017                2                   115                 0                   
20:41:10            8061                2                   115                 0                   
20:46:53            8100                2                   115                 0                   
20:52:00            8124                2                   115                 0                   
20:57:03            8146                2                   115                 0                   
21:02:08            8163                2                   116                 0                   
21:07:27            8182                2                   116                 0                   
21:12:37            8200                2                   116                 0                   
21:17:40            8226                2                   116                 0                   
21:22:49            8251                2                   116                 0                   
21:27:50            8272                2                   116                 0                   
21:33:45            8300                2                   116                 0                   
21:38:54            8316                2                   116                 0                   
21:43:59            8363                2                   116                 0                   
21:49:00            8404                2                   116                 0                   
21:54:04            8476                2                   116                 0                   
21:59:56            8500                2                   116                 0                   
22:05:07            8518                2                   116                 0                   
22:10:27            8532                2                   116                 0                   
22:15:31            8544                2                   116                 0                   
22:20:37            8566                2                   116                 0                   
22:25:55            8600                2                   116                 0                   
22:31:03            8623                2                   116                 0                   
22:36:06            8657                2                   116                 0                   
22:41:11            8683                2                   116                 0                   
22:46:21            8704                2                   116                 0                   
22:51:27            8726                2                   116                 0                   
22:56:28            8758                2                   116                 0                   
23:01:30            8796                2                   116                 0                   
23:06:31            8823                2                   117                 0                   
23:11:35            8853                2                   117                 0                   
23:16:38            8912                2                   117                 0                   
23:21:39            8939                2                   117                 0                   
23:26:41            8962                2                   117                 0                   
23:31:45            8983                2                   117                 0                   
23:37:42            9000                2                   117                 0                   
23:42:50            9032                2                   118                 0                   
23:48:04            9050                2                   118                 0                   
23:53:08            9083                2                   120                 0                   
23:59:08            9100                2                   120                 0                   
24:04:19            9126                2                   120                 0                   
24:09:20            9142                2                   120                 0                   
24:14:24            9160                2                   120                 0                   
24:19:36            9192                2                   120                 0                   
24:24:43            9215                2                   120                 0                   
24:30:00            9251                2                   121                 0                   
24:35:03            9273                2                   122                 0                   
24:40:10            9297                2                   122                 0                   
24:45:20            9309                2                   122                 0                   
24:50:31            9329                2                   122                 0                   
24:55:37            9346                2                   122                 0                   
25:00:42            9375                2                   122                 0                   
25:06:00            9400                2                   122                 0                   
25:11:05            9418                2                   122                 0                   
25:16:17            9452                2                   123                 0                   
25:21:24            9468                2                   123                 0                   
25:26:32            9500                2                   123                 0                   
25:31:36            9585                2                   124                 0                   
25:36:45            9637                2                   124                 0                   
25:42:00            9659                2                   124                 0                   
25:47:01            9674                2                   124                 0                   
25:52:04            9685                2                   124                 0                   
25:57:21            9696                2                   124                 0                   
26:02:26            9707                2                   124                 0                   
26:07:28            9748                2                   124                 0                   
26:12:36            9778                2                   124                 0                   
26:17:38            9800                2                   124                 0                   
26:22:49            9833                2                   125                 0                   
26:27:51            9874                2                   125                 0                   
26:32:52            9895                2                   125                 0                   
26:37:59            9925                2                   126                 0                   
26:43:04            9954                2                   126                 0                   
26:48:19            9983                2                   126                 0                   
26:53:21            10012               2                   126                 0                   
26:58:32            10080               2                   127                 0                   
27:03:46            10100               2                   127                 0                   
27:08:49            10122               2                   127                 0                   
27:13:56            10150               2                   127                 0                   
27:18:56            10175               2                   127                 0                   
27:24:10            10204               2                   127                 0                   
27:29:10            10223               2                   127                 0                   
27:34:10            10242               2                   127                 0                   
27:39:27            10280               2                   128                 0                   
27:45:18            10300               2                   130                 0                   
27:50:40            10334               2                   130                 0                   
27:55:41            10364               2                   130                 0                   
28:00:46            10396               2                   130                 0                   
28:05:49            10436               2                   130                 0                   
28:10:49            10461               2                   131                 0                   
28:16:06            10482               2                   132                 0                   
28:21:11            10504               2                   132                 0                   
28:26:23            10521               2                   132                 0                   
28:31:30            10536               2                   132                 0                   
28:36:38            10551               2                   132                 0                   
28:41:44            10576               2                   132                 0                   
28:47:16            10600               2                   132                 0                   
28:52:23            10621               2                   133                 0                   
28:57:34            10642               2                   133                 0                   
29:02:36            10674               2                   133                 0                   
29:07:36            10690               2                   133                 0                   
29:12:39            10721               2                   133                 0                   
29:17:42            10764               2                   133                 0                   
29:22:53            10800               2                   133                 0                   
29:27:56            10860               2                   133                 0                   
29:33:10            10887               2                   133                 0                   
29:38:40            10900               2                   133                 0                   
29:44:04            10914               2                   133                 0                   
29:49:06            10925               2                   134                 0                   
29:54:08            10937               2                   134                 0                   
29:59:16            10972               2                   134                 0                   
30:05:02            11000               2                   134                 0                   
30:10:09            11036               2                   134                 0                   
30:15:13            11067               2                   135                 0                   
30:20:16            11092               2                   135                 0                   
30:25:17            11121               2                   135                 0                   
30:30:24            11145               2                   135                 0                   
30:35:36            11189               2                   137                 0                   
30:40:43            11207               2                   137                 0                   
30:45:51            11248               2                   137                 0                   
30:51:04            11278               2                   137                 0                   
30:56:09            11328               2                   137                 0                   
31:01:17            11354               2                   137                 0                   
31:06:18            11379               2                   137                 0                   
31:11:32            11402               2                   137                 0                   
31:16:37            11419               2                   137                 0                   
31:21:47            11447               2                   138                 0                   
31:26:52            11476               2                   138                 0                   
31:32:01            11493               2                   138                 0                   
31:37:02            11516               2                   138                 0                   
31:42:03            11540               2                   138                 0                   
31:47:06            11557               2                   140                 0                   
31:52:12            11585               2                   140                 0                   
31:57:13            11603               2                   140                 0                   
32:02:16            11619               2                   140                 0                   
32:07:21            11633               2                   140                 0                   
32:12:27            11659               2                   140                 0                   
32:17:28            11703               2                   140                 0                   
32:22:41            11743               2                   141                 0                   
32:27:48            11767               2                   141                 0                   
32:32:50            11784               2                   141                 0                   
32:37:53            11800               2                   141                 0                   
32:43:12            11825               2                   141                 0                   
32:48:32            11843               2                   142                 0                   
32:53:33            11861               2                   143                 0                   
32:58:41            11884               2                   143                 0                   
33:03:49            11916               2                   143                 0                   
33:08:49            11938               2                   144                 0                   
33:13:53            11963               2                   144                 0                   
33:19:00            11996               2                   146                 0                   
33:24:10            12031               2                   146                 0                   
33:29:20            12071               2                   146                 0                   
33:34:21            12115               2                   146                 0                   
33:39:28            12163               2                   149                 0                   
33:45:44            12200               2                   149                 0                   
33:50:45            12215               2                   149                 0                   
33:55:51            12229               2                   149                 0                   
34:00:58            12241               2                   149                 0                   
34:06:28            12252               2                   149                 0                   
34:11:56            12262               2                   149                 0                   
34:16:56            12296               2                   149                 0                   
34:21:58            12319               2                   149                 0                   
34:27:04            12353               2                   149                 0                   
34:32:09            12377               2                   149                 0                   
34:37:18            12408               2                   149                 0                   
34:42:18            12439               2                   149                 0                   
34:47:20            12462               2                   149                 0                   
34:52:27            12487               2                   149                 0                   
34:57:27            12509               2                   149                 0                   
35:02:40            12539               2                   149                 0                   
35:07:42            12560               2                   149                 0                   
35:12:48            12597               2                   150                 0                   
35:18:02            12626               2                   150                 0                   
35:23:03            12688               2                   150                 0                   
35:28:08            12717               2                   150                 0                   
35:33:11            12739               2                   150                 0                   
35:38:19            12763               2                   150                 0                   
35:43:26            12793               2                   150                 0                   
35:48:28            12813               2                   150                 0                   
35:53:44            12835               2                   150                 0                   
35:59:01            12852               2                   151                 0                   
36:04:07            12878               2                   152                 0                   
36:09:15            12892               2                   152                 0                   
36:14:23            12903               2                   152                 0                   
36:19:38            12914               2                   153                 0                   
36:24:42            12932               2                   153                 0                   
36:29:49            12954               2                   153                 0                   
36:34:49            12990               2                   153                 0                   
36:39:57            13004               2                   153                 0                   
36:44:59            13025               2                   153                 0                   
36:49:59            13053               2                   153                 0                   
36:55:50            13100               2                   153                 0                   
37:00:50            13134               2                   153                 0                   
37:05:59            13168               2                   154                 0                   
37:11:03            13193               2                   155                 0                   
37:16:15            13212               2                   155                 0                   
37:21:15            13228               2                   155                 0                   
37:26:23            13245               2                   156                 0                   
37:31:35            13280               2                   156                 0                   
37:36:49            13312               2                   157                 0                   
37:41:57            13338               2                   157                 0                   
37:47:03            13354               2                   157                 0                   
37:52:05            13375               2                   157                 0                   
37:57:15            13396               2                   157                 0                   
38:02:19            13411               2                   159                 0                   
38:07:32            13441               2                   160                 0                   
38:12:32            13466               2                   160                 0                   
38:17:36            13511               2                   161                 0                   
38:22:41            13570               2                   161                 0                   
38:27:44            13610               2                   161                 0                   
38:32:48            13649               2                   161                 0                   
38:37:58            13677               2                   161                 0                   
38:43:17            13695               2                   161                 0                   
38:48:42            13707               2                   161                 0                   
38:54:07            13720               2                   161                 0                   
38:59:09            13729               2                   163                 0                   
39:04:16            13756               2                   163                 0                   
39:09:22            13793               2                   163                 0                   
39:14:32            13814               2                   163                 0                   
39:19:34            13852               2                   163                 0                   
39:24:37            13874               2                   163                 0                   
39:29:47            13899               2                   164                 0                   
39:34:48            13917               2                   164                 0                   
39:39:59            13940               2                   164                 0                   
39:45:01            13966               2                   164                 0                   
39:50:05            14008               2                   165                 0                   
39:55:10            14031               2                   165                 0                   
40:00:38            14068               2                   165                 0                   
40:05:38            14090               2                   165                 0                   
40:10:51            14117               2                   165                 0                   
40:16:00            14178               2                   166                 0                   
40:21:42            14200               2                   166                 0                   
40:26:50            14224               2                   166                 0                   
40:32:00            14257               2                   166                 0                   
40:37:05            14287               2                   167                 0                   
40:42:09            14310               2                   170                 0                   
40:47:12            14330               2                   170                 0                   
40:52:24            14349               2                   170                 0                   
40:57:27            14377               2                   172                 0                   
41:02:37            14401               2                   172                 0                   
41:07:59            14414               2                   172                 0                   
41:13:19            14429               2                   172                 0                   
41:18:19            14442               2                   172                 0                   
41:23:24            14462               2                   173                 0                   
41:28:25            14487               2                   174                 0                   
41:33:34            14506               2                   174                 0                   
41:38:47            14524               2                   174                 0                   
41:43:55            14539               2                   175                 0                   
41:48:59            14563               2                   176                 0                   
41:54:12            14585               2                   176                 0                   
41:59:14            14620               2                   177                 0                   
42:04:19            14646               2                   180                 0                   
42:09:30            14670               2                   180                 0                   
42:14:41            14693               2                   181                 0                   
42:19:45            14705               2                   181                 0                   
42:24:47            14728               2                   182                 0                   
42:29:51            14752               2                   182                 0                   
42:35:05            14770               2                   182                 0                   
42:40:23            14787               2                   182                 0                   
42:45:35            14800               2                   182                 0                   
42:50:36            14821               2                   182                 0                   
42:55:39            14843               2                   183                 0                   
43:00:50            14873               2                   183                 0                   
43:06:18            14900               2                   184                 0                   
43:11:32            14920               2                   184                 0                   
43:16:33            14953               2                   184                 0                   
43:21:36            14979               2                   186                 0                   
43:26:48            14995               2                   186                 0                   
43:31:53            15006               2                   187                 0                   
43:36:55            15032               2                   187                 0                   
43:41:58            15060               2                   187                 0                   
43:47:13            15100               2                   187                 0                   
43:52:23            15148               2                   188                 0                   
43:57:28            15201               2                   188                 0                   
44:02:31            15247               2                   188                 0                   
44:07:47            15277               2                   188                 0                   
44:13:04            15295               2                   188                 0                   
44:18:10            15305               2                   188                 0                   
44:23:29            15317               2                   188                 0                   
44:28:53            15328               2                   188                 0                   
44:34:10            15337               2                   188                 0                   
44:39:18            15345               2                   189                 0                   
44:44:32            15354               2                   189                 0                   
44:49:40            15381               2                   189                 0                   
44:54:47            15413               2                   189                 0                   
44:59:58            15443               2                   190                 0                   
45:05:02            15467               2                   190                 0                   
45:10:10            15493               2                   190                 0                   
45:15:20            15508               2                   190                 0                   
45:20:22            15532               2                   190                 0                   
45:25:29            15562               2                   190                 0                   
45:30:31            15591               2                   191                 0                   
45:35:43            15616               2                   192                 0                   
45:40:52            15660               2                   192                 0                   
45:46:01            15697               2                   192                 0                   
45:51:02            15722               2                   192                 0                   
45:56:06            15761               2                   192                 0                   
46:01:15            15830               2                   192                 0                   
46:06:17            15865               2                   192                 0                   
46:11:26            15887               2                   192                 0                   
46:16:35            15906               2                   192                 0                   
46:21:36            15939               2                   192                 0                   
46:26:41            15963               2                   193                 0                   
46:31:52            16000               2                   196                 0                   
46:37:09            16021               2                   197                 0                   
46:42:24            16041               2                   197                 0                   
46:47:33            16075               2                   198                 0                   
46:53:25            16100               2                   198                 0                   
46:58:31            16122               2                   199                 0                   
47:03:35            16135               2                   199                 0                   
47:08:49            16155               2                   199                 0                   
47:13:53            16177               2                   199                 0                   
47:19:53            16200               2                   199                 0                   
47:25:06            16221               2                   199                 0                   
47:30:12            16244               2                   199                 0                   
47:35:26            16261               2                   199                 0                   
47:40:33            16280               2                   199                 0                   
47:45:36            16299               2                   199                 0                   
47:50:39            16334               2                   199                 0                   
47:55:49            16379               2                   200                 0                   
48:00:55            16401               2                   201                 0                   
48:01:21            16403               2                   201                 0                   
