Time                Round               Mutate stage        Coverage            Crash found         
00:00:12            1                   0                   1                   0                   
00:05:12            31                  0                   3                   0                   
00:10:14            64                  0                   7                   0                   
00:15:58            100                 0                   10                  0                   
00:21:04            122                 0                   12                  0                   
00:26:11            152                 0                   15                  0                   
00:31:15            192                 0                   15                  0                   
00:36:18            222                 0                   15                  0                   
00:41:25            258                 1                   15                  0                   
00:46:29            285                 1                   15                  0                   
00:52:06            301                 1                   17                  1                   
00:57:07            343                 1                   17                  1                   
01:02:12            375                 1                   17                  1                   
01:07:28            401                 1                   17                  2                   
01:12:37            427                 1                   18                  2                   
01:17:44            451                 1                   18                  2                   
01:22:47            489                 1                   18                  2                   
01:27:49            519                 1                   19                  2                   
01:32:56            553                 1                   21                  2                   
01:37:57            588                 1                   21                  2                   
01:43:25            603                 1                   22                  3                   
01:48:25            633                 1                   25                  3                   
01:53:31            672                 1                   25                  3                   
01:58:38            704                 1                   25                  3                   
02:03:47            737                 1                   25                  3                   
02:08:56            760                 1                   26                  3                   
02:14:11            776                 1                   27                  3                   
02:19:19            801                 1                   27                  3                   
02:24:25            821                 1                   27                  3                   
02:29:26            849                 1                   28                  3                   
02:34:27            874                 1                   29                  3                   
02:40:19            903                 1                   29                  3                   
02:45:21            941                 1                   30                  3                   
02:50:29            982                 1                   30                  3                   
02:55:37            1008                1                   30                  3                   
03:00:40            1038                1                   33                  3                   
03:05:41            1073                1                   33                  3                   
03:11:00            1103                1                   33                  3                   
03:16:05            1137                1                   35                  3                   
03:21:16            1170                1                   35                  3                   
03:26:26            1201                1                   35                  3                   
03:31:34            1226                1                   35                  3                   
03:36:38            1268                1                   35                  3                   
03:42:33            1303                1                   37                  3                   
03:47:34            1345                1                   37                  3                   
03:52:42            1368                1                   37                  3                   
03:57:46            1393                1                   38                  3                   
04:02:58            1411                1                   38                  3                   
04:08:00            1429                1                   40                  3                   
04:13:11            1445                1                   40                  3                   
04:18:19            1467                1                   40                  3                   
04:23:27            1497                1                   40                  3                   
04:28:28            1512                1                   41                  3                   
04:33:33            1541                1                   42                  3                   
04:38:40            1571                1                   43                  3                   
04:43:49            1598                1                   43                  3                   
04:48:53            1625                1                   43                  3                   
04:53:56            1662                1                   43                  3                   
04:58:59            1699                1                   43                  3                   
05:04:05            1730                1                   43                  3                   
05:09:12            1767                2                   43                  3                   
05:14:22            1800                2                   43                  3                   
05:19:30            1823                2                   43                  3                   
05:24:40            1853                2                   43                  3                   
05:29:41            1886                2                   43                  3                   
05:34:47            1914                2                   44                  3                   
05:39:53            1948                2                   44                  3                   
05:45:00            1981                2                   45                  3                   
05:50:03            2012                2                   45                  3                   
05:55:06            2043                2                   45                  3                   
06:00:06            2073                2                   45                  3                   
06:05:13            2103                2                   45                  3                   
06:10:14            2145                2                   45                  3                   
06:15:21            2185                2                   45                  3                   
06:20:29            2212                2                   45                  3                   
06:25:36            2250                2                   45                  3                   
06:30:41            2288                2                   45                  3                   
06:35:49            2312                2                   45                  3                   
06:40:59            2335                2                   47                  3                   
06:46:07            2357                2                   47                  3                   
06:51:22            2373                2                   47                  3                   
06:56:27            2393                2                   48                  3                   
07:01:37            2409                2                   48                  3                   
07:06:56            2430                2                   48                  3                   
07:12:07            2464                2                   49                  3                   
07:17:16            2488                2                   49                  3                   
07:22:31            2505                2                   50                  3                   
07:27:37            2529                2                   50                  3                   
07:32:38            2562                2                   50                  3                   
07:37:45            2596                2                   50                  3                   
07:42:45            2622                2                   50                  3                   
07:47:46            2647                2                   50                  3                   
07:52:47            2669                2                   50                  3                   
07:57:55            2700                2                   50                  3                   
08:02:56            2728                2                   50                  3                   
08:08:03            2767                2                   50                  3                   
08:13:34            2803                2                   51                  3                   
08:18:39            2837                2                   51                  3                   
08:23:42            2870                2                   51                  3                   
08:29:35            2903                2                   51                  3                   
08:34:41            2936                2                   51                  3                   
08:39:42            2968                2                   51                  3                   
08:45:35            3003                2                   51                  3                   
08:50:42            3038                2                   51                  3                   
08:55:45            3071                2                   51                  3                   
09:01:50            3103                2                   51                  3                   
09:06:52            3140                2                   51                  3                   
09:11:53            3170                2                   51                  3                   
09:17:53            3203                2                   51                  3                   
09:22:58            3242                2                   51                  3                   
09:28:00            3283                2                   51                  3                   
09:33:06            3311                2                   51                  3                   
09:38:12            3345                2                   51                  3                   
09:43:13            3385                2                   51                  3                   
09:48:14            3415                2                   51                  3                   
09:53:17            3442                2                   52                  3                   
09:58:19            3464                2                   53                  3                   
10:03:20            3487                2                   53                  3                   
10:08:20            3510                2                   53                  3                   
10:13:26            3534                2                   53                  3                   
10:18:42            3550                2                   53                  3                   
10:23:50            3566                2                   53                  3                   
10:29:00            3584                2                   53                  3                   
10:34:06            3604                2                   54                  3                   
10:39:15            3625                2                   54                  3                   
10:44:29            3642                2                   54                  3                   
10:49:39            3664                2                   54                  3                   
10:54:49            3691                2                   54                  3                   
10:59:54            3711                2                   57                  3                   
11:05:01            3735                2                   59                  3                   
11:10:14            3760                2                   59                  3                   
11:15:21            3788                2                   60                  3                   
11:20:29            3816                2                   60                  3                   
11:25:29            3850                2                   60                  3                   
11:30:35            3882                2                   60                  3                   
11:35:38            3908                2                   60                  3                   
11:40:40            3931                2                   60                  3                   
11:45:47            3969                2                   60                  3                   
11:51:21            4003                2                   60                  3                   
11:56:25            4037                2                   61                  3                   
12:01:31            4069                2                   62                  3                   
12:06:47            4099                2                   62                  3                   
12:11:51            4118                2                   62                  3                   
12:16:58            4156                2                   62                  3                   
12:22:03            4183                2                   62                  3                   
12:27:08            4208                2                   62                  3                   
12:32:10            4240                2                   62                  3                   
12:37:19            4261                2                   64                  3                   
12:42:22            4291                2                   64                  3                   
12:47:29            4305                2                   64                  4                   
12:52:31            4337                2                   64                  4                   
12:57:34            4374                2                   64                  4                   
13:02:56            4404                2                   64                  4                   
13:08:03            4440                2                   64                  4                   
13:13:12            4473                2                   64                  4                   
13:18:12            4504                2                   64                  4                   
13:23:19            4544                2                   64                  4                   
13:28:20            4575                2                   64                  4                   
13:34:12            4604                2                   64                  4                   
13:39:13            4646                2                   64                  4                   
13:44:20            4680                2                   64                  4                   
13:50:06            4704                2                   64                  4                   
13:55:10            4727                2                   64                  4                   
14:00:12            4747                2                   64                  4                   
14:05:12            4766                2                   64                  4                   
14:10:13            4795                2                   64                  4                   
14:15:24            4819                2                   65                  4                   
14:20:33            4839                2                   65                  4                   
14:25:44            4855                2                   65                  4                   
14:30:50            4879                2                   66                  4                   
14:35:55            4907                2                   66                  4                   
14:40:59            4933                2                   66                  4                   
14:46:12            4954                2                   66                  4                   
14:51:17            4983                2                   66                  4                   
14:56:17            5010                2                   66                  4                   
15:01:24            5037                2                   66                  4                   
15:06:35            5068                2                   67                  4                   
15:11:41            5091                2                   67                  4                   
15:16:49            5109                2                   67                  4                   
15:21:50            5138                2                   68                  4                   
15:26:56            5160                2                   69                  4                   
15:31:56            5196                2                   69                  4                   
15:37:09            5213                2                   69                  4                   
15:42:17            5246                2                   69                  4                   
15:47:23            5284                2                   69                  4                   
15:52:27            5309                2                   70                  4                   
15:57:34            5343                2                   70                  4                   
16:02:35            5369                2                   71                  4                   
16:07:39            5399                2                   71                  4                   
16:12:41            5427                2                   71                  4                   
16:17:43            5465                2                   72                  4                   
16:22:46            5502                2                   72                  4                   
16:27:56            5532                2                   72                  4                   
16:33:04            5560                2                   74                  4                   
16:38:07            5598                2                   74                  4                   
16:43:14            5626                2                   74                  4                   
16:48:14            5654                2                   74                  4                   
16:53:17            5689                2                   74                  4                   
16:58:26            5715                2                   74                  4                   
17:03:31            5745                2                   74                  4                   
17:08:50            5779                2                   74                  4                   
17:14:49            5804                2                   75                  4                   
17:19:51            5837                2                   75                  4                   
17:24:52            5867                2                   75                  4                   
17:29:56            5901                2                   75                  4                   
17:34:56            5926                2                   76                  4                   
17:39:57            5959                2                   76                  4                   
17:44:57            5998                2                   76                  4                   
17:49:59            6020                2                   76                  4                   
17:54:59            6048                2                   76                  4                   
18:00:03            6077                2                   76                  4                   
18:05:06            6109                2                   76                  4                   
18:10:08            6151                2                   76                  4                   
18:15:08            6185                2                   76                  4                   
18:20:15            6214                2                   76                  4                   
18:25:23            6255                2                   76                  4                   
18:30:28            6281                2                   76                  4                   
18:36:46            6304                2                   78                  4                   
18:41:46            6330                2                   78                  4                   
18:46:49            6352                2                   78                  4                   
18:51:56            6374                2                   78                  4                   
18:57:14            6395                2                   78                  4                   
19:02:20            6415                2                   78                  4                   
19:07:21            6446                2                   78                  4                   
19:12:25            6465                2                   78                  4                   
19:17:36            6481                2                   78                  4                   
19:22:47            6499                2                   78                  4                   
19:27:48            6519                2                   78                  4                   
19:33:02            6543                2                   78                  4                   
19:38:09            6573                2                   78                  4                   
19:43:17            6595                2                   78                  4                   
19:48:18            6609                2                   78                  4                   
19:53:29            6640                2                   78                  4                   
19:58:35            6666                2                   79                  4                   
20:03:44            6695                2                   79                  4                   
20:08:45            6722                2                   79                  4                   
20:13:54            6753                2                   79                  4                   
20:19:02            6774                2                   79                  4                   
20:25:10            6804                2                   79                  4                   
20:30:18            6831                2                   79                  4                   
20:35:19            6854                2                   79                  4                   
20:40:37            6871                2                   79                  4                   
20:45:39            6891                2                   79                  4                   
20:50:44            6919                2                   79                  4                   
20:55:44            6946                2                   79                  4                   
21:00:52            6980                2                   79                  4                   
21:07:00            7004                2                   79                  4                   
21:12:00            7039                2                   80                  4                   
21:17:05            7075                2                   80                  4                   
21:22:22            7104                2                   80                  4                   
21:27:24            7131                2                   80                  4                   
21:32:35            7158                2                   80                  4                   
21:37:36            7180                2                   80                  4                   
21:42:41            7208                2                   80                  4                   
21:47:48            7246                2                   80                  4                   
21:52:51            7285                2                   80                  4                   
21:57:54            7311                2                   80                  4                   
22:03:41            7341                2                   82                  5                   
22:08:49            7351                2                   82                  7                   
22:13:55            7389                2                   82                  7                   
22:18:59            7424                2                   82                  7                   
22:24:02            7447                2                   82                  7                   
22:29:07            7483                2                   82                  7                   
22:34:13            7513                2                   82                  7                   
22:40:22            7546                2                   82                  7                   
22:45:33            7576                2                   82                  7                   
22:50:36            7593                2                   82                  7                   
22:55:39            7633                2                   82                  7                   
23:00:49            7657                2                   82                  7                   
23:05:51            7688                2                   82                  7                   
23:10:53            7721                2                   82                  7                   
23:16:05            7745                2                   82                  7                   
23:21:05            7770                2                   82                  7                   
23:26:08            7804                2                   82                  7                   
23:31:12            7841                2                   82                  7                   
23:36:17            7863                2                   82                  7                   
23:41:27            7892                2                   82                  7                   
23:46:32            7929                2                   82                  7                   
23:51:38            7962                2                   82                  7                   
23:56:46            8001                2                   82                  7                   
24:01:48            8039                2                   82                  7                   
24:06:55            8072                2                   82                  7                   
24:12:06            8106                2                   82                  7                   
24:17:08            8129                2                   82                  7                   
24:22:13            8147                2                   82                  7                   
24:27:22            8176                2                   82                  7                   
24:32:26            8198                2                   82                  7                   
24:37:32            8224                2                   82                  7                   
24:43:49            8246                2                   82                  7                   
24:48:54            8268                2                   82                  7                   
24:53:58            8304                2                   82                  7                   
24:59:10            8335                2                   82                  7                   
25:04:26            8352                2                   82                  7                   
25:09:42            8368                2                   82                  7                   
25:14:46            8394                2                   82                  7                   
25:19:51            8426                2                   82                  7                   
25:24:59            8451                2                   82                  7                   
25:30:03            8476                2                   82                  7                   
25:35:05            8497                2                   82                  7                   
25:40:12            8515                2                   82                  7                   
25:45:22            8541                2                   82                  7                   
25:50:25            8562                2                   82                  7                   
25:55:36            8589                2                   84                  7                   
26:00:38            8618                2                   85                  7                   
26:05:39            8647                2                   85                  7                   
26:10:51            8675                2                   85                  7                   
26:15:55            8697                2                   85                  7                   
26:21:03            8719                2                   85                  7                   
26:26:07            8745                2                   85                  7                   
26:31:09            8767                2                   86                  7                   
26:36:10            8785                2                   86                  7                   
26:41:13            8811                2                   86                  7                   
26:46:57            8846                2                   86                  7                   
26:51:59            8878                2                   86                  7                   
26:57:02            8913                2                   87                  7                   
27:02:47            8946                2                   88                  7                   
27:07:50            8981                2                   89                  7                   
27:12:50            9017                2                   89                  7                   
27:17:57            9046                2                   89                  7                   
27:22:59            9074                2                   89                  7                   
27:28:06            9101                2                   89                  7                   
27:33:13            9125                2                   89                  7                   
27:38:20            9154                2                   89                  7                   
27:43:27            9193                2                   89                  7                   
27:48:30            9229                2                   89                  7                   
27:53:37            9251                2                   89                  7                   
27:58:47            9283                2                   89                  7                   
28:03:52            9315                2                   89                  7                   
28:09:19            9346                2                   89                  7                   
28:14:27            9383                2                   89                  7                   
28:19:27            9414                2                   90                  7                   
28:24:37            9446                2                   90                  7                   
28:29:38            9481                2                   90                  7                   
28:34:41            9515                2                   90                  7                   
28:39:46            9545                2                   90                  7                   
28:44:51            9570                2                   90                  7                   
28:49:59            9608                2                   90                  7                   
28:55:15            9631                2                   90                  7                   
29:01:03            9646                2                   90                  7                   
29:06:11            9686                2                   91                  7                   
29:11:12            9715                2                   91                  7                   
29:16:59            9746                2                   91                  7                   
29:22:03            9772                2                   91                  7                   
29:27:05            9805                2                   91                  7                   
29:32:06            9842                2                   91                  7                   
29:37:12            9874                2                   91                  7                   
29:42:20            9906                2                   91                  7                   
29:47:29            9931                2                   91                  7                   
29:52:29            9958                2                   91                  7                   
29:57:33            9995                2                   91                  7                   
30:02:34            10034               2                   91                  7                   
30:07:38            10060               2                   91                  7                   
30:12:41            10093               2                   91                  7                   
30:17:47            10135               2                   91                  7                   
30:22:48            10156               2                   91                  7                   
30:27:53            10177               2                   91                  7                   
30:33:02            10200               2                   91                  7                   
30:38:11            10223               2                   92                  7                   
30:43:12            10242               2                   92                  7                   
30:48:16            10261               2                   92                  7                   
30:53:24            10285               2                   92                  7                   
30:58:28            10307               2                   92                  7                   
31:03:30            10328               2                   92                  7                   
31:09:00            10346               2                   92                  7                   
31:14:01            10381               2                   93                  7                   
31:19:06            10403               2                   93                  7                   
31:24:18            10430               2                   93                  7                   
31:30:28            10446               2                   93                  7                   
31:35:29            10473               2                   93                  7                   
31:40:33            10506               2                   93                  7                   
31:45:41            10530               2                   93                  7                   
31:50:53            10547               2                   93                  7                   
31:56:02            10563               2                   93                  7                   
32:01:06            10589               2                   93                  7                   
32:06:06            10621               2                   93                  7                   
32:11:46            10646               2                   94                  7                   
32:16:51            10672               2                   96                  7                   
32:21:58            10696               2                   96                  7                   
32:27:08            10722               2                   97                  7                   
32:32:10            10747               2                   97                  7                   
32:37:13            10782               2                   97                  7                   
32:42:19            10808               2                   98                  7                   
32:47:19            10836               2                   98                  7                   
32:52:24            10865               2                   98                  7                   
32:57:27            10890               2                   98                  7                   
33:02:41            10921               2                   99                  7                   
33:07:44            10944               2                   100                 7                   
33:12:50            10975               2                   100                 7                   
33:18:05            11003               2                   100                 7                   
33:23:09            11035               2                   100                 7                   
33:28:15            11060               2                   100                 7                   
33:33:16            11087               2                   100                 7                   
33:38:23            11116               2                   101                 7                   
33:44:05            11146               2                   102                 7                   
33:49:07            11179               2                   102                 7                   
33:54:08            11215               2                   102                 7                   
33:59:47            11246               2                   102                 7                   
34:04:52            11277               2                   102                 7                   
34:10:01            11301               2                   103                 7                   
34:15:07            11324               2                   103                 7                   
34:21:22            11346               2                   103                 8                   
34:26:29            11375               2                   103                 8                   
34:31:33            11412               2                   103                 8                   
34:36:36            11444               2                   103                 8                   
34:41:47            11474               2                   104                 8                   
34:46:54            11502               2                   104                 9                   
34:51:58            11532               2                   104                 9                   
34:57:08            11565               2                   104                 9                   
35:03:03            11598               2                   104                 9                   
35:08:07            11624               2                   104                 9                   
35:13:09            11662               2                   104                 9                   
35:18:15            11692               2                   104                 9                   
35:23:17            11720               2                   104                 9                   
35:28:22            11750               2                   104                 9                   
35:33:32            11780               2                   105                 9                   
35:38:37            11804               2                   105                 9                   
35:43:47            11830               2                   105                 9                   
35:48:52            11846               2                   105                 9                   
35:53:58            11887               2                   105                 9                   
35:59:00            11916               2                   105                 9                   
36:04:04            11944               2                   105                 9                   
36:09:07            11978               2                   105                 9                   
36:14:19            12003               2                   105                 9                   
36:19:24            12022               2                   105                 9                   
36:24:28            12055               2                   105                 9                   
36:29:30            12094               2                   105                 9                   
36:34:40            12123               2                   105                 9                   
36:39:44            12139               2                   105                 9                   
36:44:48            12166               2                   105                 9                   
36:50:19            12198               2                   105                 9                   
36:55:20            12240               2                   105                 9                   
37:00:24            12277               2                   105                 9                   
37:05:34            12304               2                   105                 9                   
37:10:37            12343               2                   105                 9                   
37:15:45            12382               2                   105                 9                   
37:20:45            12405               2                   105                 9                   
37:25:49            12428               2                   105                 9                   
37:31:00            12452               2                   106                 9                   
37:36:08            12475               2                   106                 9                   
37:41:42            12498               2                   107                 9                   
37:46:48            12524               2                   107                 9                   
37:51:54            12546               2                   107                 9                   
37:57:00            12574               2                   107                 9                   
38:02:02            12602               2                   107                 9                   
38:07:02            12635               2                   107                 9                   
38:12:14            12658               2                   107                 9                   
38:17:31            12680               2                   108                 9                   
38:23:35            12698               2                   108                 9                   
38:28:42            12714               2                   108                 9                   
38:33:46            12734               2                   108                 9                   
38:39:01            12757               2                   108                 9                   
38:44:07            12779               2                   109                 9                   
38:49:08            12804               2                   109                 9                   
38:54:17            12827               2                   109                 9                   
38:59:27            12849               2                   109                 9                   
39:04:35            12879               2                   110                 9                   
39:09:38            12906               2                   111                 9                   
39:14:45            12944               2                   111                 9                   
39:19:50            12971               2                   111                 9                   
39:25:02            12994               2                   113                 9                   
39:30:07            13015               2                   113                 9                   
39:35:09            13040               2                   113                 9                   
39:40:17            13066               2                   113                 9                   
39:45:24            13092               2                   114                 9                   
39:50:32            13114               2                   114                 9                   
39:55:36            13149               2                   114                 9                   
40:00:42            13176               2                   115                 9                   
40:06:58            13198               2                   115                 9                   
40:12:07            13220               2                   115                 9                   
40:17:13            13246               2                   115                 9                   
40:22:15            13276               2                   115                 9                   
40:28:23            13298               2                   115                 9                   
40:33:28            13326               2                   115                 9                   
40:38:46            13343               2                   115                 9                   
40:43:49            13360               2                   115                 9                   
40:48:54            13382               2                   115                 9                   
40:54:18            13398               2                   115                 9                   
40:59:33            13419               2                   115                 9                   
41:04:39            13449               2                   115                 9                   
41:09:48            13473               2                   115                 9                   
41:15:07            13498               2                   115                 9                   
41:20:10            13529               2                   115                 9                   
41:25:12            13558               2                   116                 9                   
41:30:13            13590               2                   116                 9                   
41:35:21            13615               2                   117                 9                   
41:40:22            13648               2                   118                 9                   
41:45:30            13675               2                   119                 9                   
41:50:31            13704               2                   119                 9                   
41:55:37            13741               2                   119                 9                   
42:00:50            13776               2                   119                 9                   
42:06:01            13802               2                   119                 9                   
42:11:06            13828               2                   119                 9                   
42:16:16            13852               2                   119                 9                   
42:21:17            13874               2                   119                 9                   
42:27:16            13898               2                   119                 9                   
42:32:19            13935               2                   119                 9                   
42:37:26            13973               2                   119                 9                   
42:42:30            14002               2                   119                 9                   
42:47:38            14040               2                   119                 9                   
42:52:46            14067               2                   119                 9                   
42:57:52            14089               2                   119                 10                  
43:02:54            14122               2                   119                 10                  
43:07:58            14155               2                   119                 10                  
43:13:01            14180               2                   119                 10                  
43:18:05            14210               2                   119                 10                  
43:23:16            14249               2                   119                 10                  
43:28:20            14280               2                   119                 10                  
43:33:23            14318               2                   119                 10                  
43:38:27            14352               2                   120                 10                  
43:43:30            14379               2                   120                 10                  
43:48:34            14417               2                   120                 10                  
43:53:37            14437               2                   120                 10                  
43:58:42            14461               2                   120                 10                  
44:03:49            14494               2                   120                 10                  
44:08:58            14529               2                   120                 10                  
44:14:05            14559               2                   120                 10                  
44:19:10            14588               2                   120                 10                  
44:24:10            14623               2                   120                 10                  
44:29:11            14660               2                   120                 10                  
44:34:18            14687               2                   120                 10                  
44:39:24            14724               2                   120                 10                  
44:44:29            14755               2                   120                 10                  
44:49:34            14778               2                   120                 10                  
44:54:37            14815               2                   120                 10                  
44:59:42            14856               2                   120                 10                  
45:04:49            14884               2                   120                 10                  
45:09:51            14924               2                   120                 10                  
45:14:52            14966               2                   120                 10                  
45:20:03            14987               2                   120                 10                  
45:25:06            15011               2                   120                 10                  
45:30:09            15034               2                   120                 10                  
45:35:17            15058               2                   120                 10                  
45:40:27            15078               2                   120                 10                  
45:45:30            15107               2                   120                 10                  
45:50:34            15136               2                   120                 10                  
45:55:39            15163               2                   120                 10                  
46:00:43            15183               2                   120                 10                  
46:05:48            15205               2                   120                 10                  
46:11:00            15227               2                   120                 10                  
46:16:06            15265               2                   120                 10                  
46:21:08            15289               2                   120                 10                  
46:26:16            15318               2                   120                 10                  
46:31:16            15347               2                   120                 10                  
46:37:09            15374               2                   120                 10                  
46:42:19            15391               2                   120                 10                  
46:47:24            15415               2                   120                 10                  
46:52:24            15436               2                   120                 10                  
46:57:30            15456               2                   121                 10                  
47:02:59            15474               2                   121                 10                  
47:08:07            15500               2                   121                 10                  
47:13:18            15521               2                   121                 10                  
47:18:21            15555               2                   121                 10                  
47:23:22            15578               2                   121                 10                  
47:28:30            15612               2                   121                 10                  
47:33:30            15644               2                   121                 10                  
47:38:42            15662               2                   121                 10                  
47:43:50            15675               2                   121                 10                  
47:48:55            15705               2                   122                 10                  
47:53:57            15727               2                   122                 10                  
47:59:04            15752               2                   122                 10                  
48:05:06            15774               2                   122                 10                  
48:10:13            15796               2                   122                 10                  
48:15:20            15823               2                   123                 10                  
48:20:32            15847               2                   123                 10                  
48:25:46            15874               2                   123                 10                  
48:30:49            15900               2                   123                 10                  
48:35:54            15931               2                   123                 10                  
48:40:56            15964               2                   123                 10                  
48:46:03            15989               2                   123                 10                  
48:51:16            16026               2                   123                 10                  
48:56:17            16057               2                   123                 10                  
49:01:22            16082               2                   123                 10                  
49:06:30            16108               2                   123                 10                  
49:11:34            16132               2                   123                 10                  
49:16:40            16161               2                   123                 10                  
49:21:51            16180               2                   123                 10                  
49:27:08            16199               2                   123                 10                  
49:32:11            16221               2                   123                 10                  
49:37:25            16237               2                   124                 10                  
49:42:28            16258               2                   124                 10                  
49:47:29            16276               2                   124                 10                  
49:52:45            16305               2                   124                 10                  
49:57:55            16322               2                   124                 10                  
50:03:01            16352               2                   124                 10                  
50:08:02            16376               2                   124                 10                  
50:13:07            16411               2                   124                 10                  
50:18:15            16449               2                   124                 10                  
50:23:56            16474               2                   124                 10                  
50:29:00            16509               2                   124                 10                  
50:34:05            16537               2                   124                 10                  
50:39:07            16573               2                   124                 10                  
50:44:09            16598               2                   124                 10                  
50:49:10            16625               2                   124                 10                  
50:54:17            16660               2                   124                 10                  
50:59:19            16686               2                   124                 10                  
51:04:23            16720               2                   124                 10                  
51:09:31            16745               2                   124                 10                  
51:15:37            16774               2                   124                 10                  
51:20:50            16804               2                   124                 10                  
51:25:57            16827               2                   124                 10                  
51:30:59            16865               2                   124                 10                  
51:36:03            16893               2                   124                 10                  
51:41:10            16929               2                   124                 10                  
51:46:15            16968               2                   124                 10                  
51:51:59            16987               2                   124                 11                  
51:57:04            17011               2                   125                 11                  
52:02:10            17038               2                   125                 12                  
52:07:18            17077               2                   125                 12                  
52:13:30            17113               2                   125                 12                  
52:18:31            17148               2                   125                 12                  
52:23:35            17185               2                   125                 12                  
52:29:46            17213               2                   125                 12                  
52:34:46            17248               2                   125                 12                  
52:39:49            17277               2                   127                 12                  
52:44:49            17307               2                   127                 12                  
52:49:56            17337               2                   127                 12                  
52:55:02            17369               2                   127                 12                  
53:00:09            17395               2                   127                 12                  
53:05:18            17411               2                   127                 12                  
53:10:22            17442               2                   127                 12                  
53:15:29            17481               2                   127                 12                  
53:20:41            17513               2                   127                 12                  
53:25:48            17548               2                   127                 12                  
53:30:49            17582               2                   127                 12                  
53:36:41            17613               2                   127                 12                  
53:41:48            17639               2                   127                 12                  
53:46:49            17677               2                   127                 12                  
53:51:49            17707               2                   127                 12                  
53:56:54            17729               2                   127                 12                  
54:01:54            17763               2                   127                 12                  
54:06:56            17805               2                   127                 12                  
54:12:02            17834               2                   127                 12                  
54:17:12            17868               2                   127                 12                  
54:22:18            17907               2                   127                 12                  
54:27:32            17939               2                   127                 12                  
54:32:41            17959               2                   127                 12                  
54:37:41            17980               2                   127                 12                  
54:42:45            18003               2                   127                 12                  
54:47:47            18021               2                   127                 12                  
54:52:51            18051               2                   127                 12                  
54:57:51            18076               2                   127                 12                  
55:03:02            18104               2                   127                 12                  
55:08:02            18120               2                   127                 12                  
55:13:09            18136               2                   127                 12                  
55:18:11            18163               2                   127                 12                  
55:23:25            18189               2                   127                 12                  
55:28:37            18210               2                   127                 12                  
55:33:40            18239               2                   127                 12                  
55:38:43            18264               2                   127                 12                  
55:43:52            18289               2                   127                 12                  
55:49:05            18312               2                   128                 12                  
55:54:08            18324               2                   128                 12                  
55:59:14            18340               2                   128                 12                  
56:04:19            18381               2                   128                 12                  
56:09:26            18405               2                   128                 12                  
56:14:28            18421               2                   128                 12                  
56:19:29            18441               2                   128                 12                  
56:24:39            18475               2                   128                 12                  
56:29:40            18499               2                   128                 12                  
56:34:41            18514               2                   128                 12                  
56:39:47            18533               2                   128                 12                  
56:44:47            18560               2                   128                 12                  
56:49:49            18580               2                   128                 12                  
56:54:49            18612               2                   128                 12                  
56:59:54            18639               2                   128                 12                  
57:04:57            18663               2                   128                 12                  
57:09:59            18692               2                   129                 12                  
57:15:50            18713               2                   129                 12                  
57:20:57            18734               2                   129                 12                  
57:26:03            18756               2                   129                 12                  
57:31:11            18779               2                   129                 12                  
57:36:17            18803               2                   129                 12                  
57:41:22            18821               2                   129                 12                  
57:46:24            18848               2                   129                 12                  
57:51:32            18871               2                   129                 12                  
57:56:35            18895               2                   129                 12                  
58:01:45            18915               2                   129                 12                  
58:06:45            18946               2                   129                 12                  
58:11:50            18972               2                   129                 12                  
58:16:53            19005               2                   129                 12                  
58:21:59            19028               2                   129                 12                  
58:26:59            19056               2                   129                 12                  
58:32:03            19079               2                   129                 12                  
58:37:05            19104               2                   129                 12                  
58:42:09            19127               2                   129                 12                  
58:47:21            19151               2                   129                 12                  
58:52:24            19177               2                   129                 12                  
58:57:27            19204               2                   129                 12                  
59:02:34            19219               2                   129                 12                  
59:07:39            19254               2                   129                 12                  
59:12:56            19274               2                   129                 12                  
59:18:01            19291               2                   129                 12                  
59:23:03            19316               2                   129                 12                  
59:28:08            19353               2                   129                 12                  
59:33:21            19379               2                   129                 12                  
59:38:25            19412               2                   129                 12                  
59:43:26            19437               2                   129                 12                  
59:48:30            19474               2                   130                 12                  
59:53:35            19507               2                   132                 12                  
59:58:41            19532               2                   132                 12                  
60:03:41            19565               2                   133                 12                  
60:08:49            19591               2                   133                 12                  
60:13:56            19616               2                   133                 12                  
60:19:01            19649               2                   133                 12                  
60:24:06            19677               2                   133                 12                  
60:29:14            19711               2                   133                 12                  
60:34:21            19741               2                   133                 12                  
60:39:27            19777               2                   133                 12                  
60:44:34            19805               2                   133                 12                  
60:49:35            19825               2                   133                 12                  
60:54:44            19855               2                   133                 12                  
60:59:47            19878               2                   133                 12                  
61:04:51            19911               2                   133                 12                  
61:09:56            19940               2                   133                 12                  
61:15:00            19981               2                   133                 12                  
61:20:29            20013               2                   133                 12                  
61:25:41            20048               2                   133                 12                  
61:30:48            20077               2                   133                 12                  
61:35:55            20101               2                   134                 12                  
61:41:03            20117               2                   134                 13                  
61:46:04            20153               2                   134                 13                  
61:51:10            20190               2                   134                 13                  
61:56:23            20217               2                   134                 13                  
62:01:28            20243               2                   135                 13                  
62:06:30            20281               2                   135                 13                  
62:11:40            20311               2                   135                 13                  
62:16:46            20340               2                   135                 13                  
62:21:51            20369               2                   135                 13                  
62:26:54            20402               2                   135                 13                  
62:32:03            20425               2                   135                 13                  
62:37:14            20454               2                   135                 13                  
62:42:18            20482               2                   136                 13                  
62:47:22            20512               2                   137                 13                  
62:52:31            20539               2                   137                 13                  
62:57:43            20555               2                   137                 13                  
63:02:50            20582               2                   137                 13                  
63:07:58            20615               2                   137                 13                  
63:13:02            20650               2                   137                 13                  
63:18:09            20681               2                   137                 13                  
63:23:14            20714               2                   137                 13                  
63:28:15            20739               2                   137                 13                  
63:33:21            20773               2                   137                 13                  
63:38:25            20813               2                   137                 13                  
63:43:35            20841               2                   137                 13                  
63:48:38            20868               2                   137                 13                  
63:53:46            20904               2                   137                 13                  
63:58:51            20935               2                   137                 13                  
64:03:55            20976               2                   137                 13                  
64:09:04            21012               2                   137                 13                  
64:14:13            21038               2                   137                 13                  
64:19:17            21080               2                   137                 13                  
64:24:31            21106               2                   137                 13                  
64:29:31            21123               2                   137                 13                  
64:34:33            21153               2                   137                 13                  
64:39:41            21180               2                   137                 13                  
64:44:45            21204               2                   137                 13                  
64:49:57            21223               2                   137                 13                  
64:55:01            21250               2                   137                 13                  
65:00:06            21286               2                   137                 13                  
65:06:17            21315               2                   137                 13                  
65:11:26            21346               2                   137                 13                  
65:16:28            21376               2                   137                 13                  
65:21:31            21406               2                   137                 13                  
65:26:39            21428               2                   137                 13                  
65:31:41            21452               2                   137                 13                  
65:36:47            21474               2                   137                 13                  
65:41:58            21494               2                   137                 13                  
65:46:58            21509               2                   137                 13                  
65:52:00            21521               2                   137                 13                  
65:57:06            21541               2                   137                 13                  
66:02:21            21573               2                   137                 13                  
66:07:33            21598               2                   137                 13                  
66:12:35            21618               2                   137                 13                  
66:17:42            21639               2                   137                 13                  
66:22:44            21670               2                   137                 13                  
66:27:46            21690               2                   137                 13                  
66:32:50            21709               2                   137                 13                  
66:37:55            21731               2                   137                 13                  
66:43:01            21764               2                   138                 13                  
66:48:02            21802               2                   138                 13                  
66:53:03            21827               2                   139                 13                  
66:58:05            21865               2                   139                 13                  
67:03:08            21898               2                   139                 13                  
67:09:18            21915               2                   139                 13                  
67:14:34            21934               2                   141                 13                  
67:19:41            21959               2                   141                 13                  
67:24:55            21983               2                   142                 13                  
67:30:01            22005               2                   142                 13                  
67:35:08            22024               2                   142                 13                  
67:40:20            22051               2                   142                 13                  
67:45:24            22077               2                   142                 13                  
67:50:27            22107               2                   142                 13                  
67:55:28            22126               2                   142                 13                  
68:00:34            22153               2                   142                 13                  
68:05:40            22187               2                   142                 13                  
68:11:08            22215               2                   142                 13                  
68:16:13            22248               2                   142                 13                  
68:21:25            22275               2                   142                 13                  
68:26:28            22303               2                   142                 13                  
68:31:35            22329               2                   142                 13                  
68:36:46            22360               2                   142                 13                  
68:41:49            22383               2                   142                 13                  
68:47:00            22408               2                   142                 13                  
68:52:06            22423               2                   142                 13                  
68:57:14            22448               2                   142                 13                  
69:02:19            22467               2                   142                 13                  
69:07:36            22482               2                   142                 13                  
69:12:47            22502               2                   142                 13                  
69:17:58            22518               2                   143                 13                  
69:23:02            22551               2                   143                 13                  
69:28:02            22575               2                   143                 13                  
69:33:07            22594               2                   143                 13                  
69:38:07            22613               2                   143                 13                  
69:43:09            22638               2                   143                 13                  
69:48:16            22663               2                   143                 13                  
69:53:19            22687               2                   143                 13                  
69:59:14            22715               2                   143                 13                  
70:04:16            22746               2                   143                 13                  
70:09:24            22774               2                   143                 13                  
70:14:34            22807               2                   143                 13                  
70:19:40            22832               2                   143                 13                  
70:24:41            22865               2                   143                 13                  
70:29:43            22890               2                   143                 13                  
70:34:50            22915               2                   143                 13                  
70:39:57            22947               2                   144                 13                  
70:44:58            22972               2                   144                 13                  
70:50:00            23002               2                   144                 13                  
70:55:06            23031               2                   144                 13                  
71:00:09            23066               2                   144                 13                  
71:05:18            23097               2                   144                 13                  
71:10:18            23115               2                   144                 13                  
71:15:29            23141               2                   144                 13                  
71:20:35            23164               2                   144                 13                  
71:25:36            23187               2                   144                 13                  
71:30:42            23215               2                   144                 13                  
71:35:45            23252               2                   144                 13                  
71:40:48            23288               2                   144                 13                  
71:45:54            23317               2                   144                 13                  
71:51:05            23351               2                   144                 13                  
71:56:10            23379               2                   144                 13                  
72:01:15            23406               2                   144                 13                  
72:06:20            23435               2                   145                 13                  
72:11:21            23462               2                   145                 14                  
72:16:21            23500               2                   145                 14                  
72:20:39            23531               2                   145                 14                  
